0 0.79990608 0.26227975 
0.031898599 0.79958975 0.26228702 
0.063797198 0.79927111 0.26229432 
0.095695801 0.79895025 0.26230168 
0.1275944 0.79862708 0.2623091 
0.15912677 0.79830533 0.2623165 
0.19065914 0.79798132 0.26232392 
0.2221915 0.79765505 0.2623314 
0.25372386 0.79732639 0.26233894 
0.28490025 0.79699916 0.26234645 
0.31607664 0.79666966 0.26235399 
0.34725302 0.79633778 0.26236159 
0.37842941 0.79600352 0.26236925 
0.40926081 0.79567069 0.26237687 
0.44009224 0.79533547 0.26238453 
0.47092363 0.79499787 0.26239225 
0.50175506 0.79465783 0.26240003 
0.53225356 0.79431915 0.26240778 
0.56275207 0.79397804 0.26241559 
0.59325057 0.79363453 0.26242343 
0.62374908 0.79328859 0.26243132 
0.65392536 0.79294389 0.26243922 
0.68410158 0.79259676 0.26244715 
0.7142778 0.79224718 0.26245514 
0.74445409 0.79189509 0.26246315 
0.77432185 0.79154414 0.26247117 
0.80418968 0.79119074 0.26247925 
0.83405751 0.79083484 0.26248735 
0.86392534 0.79047644 0.26249555 
0.89349657 0.79011905 0.26250368 
0.92306787 0.78975916 0.26251191 
0.9526391 0.7893967 0.26252016 
0.9822104 0.78903174 0.26252851 
1.0114959 0.78866768 0.26253679 
1.0407815 0.78830111 0.26254514 
1.0700672 0.78793192 0.26255357 
1.0993527 0.78756016 0.26256204 
1.1283675 0.78718919 0.2625705 
1.1573824 0.78681564 0.26257899 
1.1863973 0.78643948 0.26258758 
1.2154121 0.78606057 0.26259622 
1.2441698 0.78568244 0.26260483 
1.2729276 0.78530163 0.26261351 
1.3016853 0.78491813 0.26262224 
1.3304431 0.78453189 0.26263103 
1.3589574 0.78414625 0.26263982 
1.3874717 0.78375787 0.26264864 
1.4159859 0.78336674 0.26265755 
1.4445002 0.78297287 0.26266652 
1.4727906 0.7825793 0.26267549 
1.5010811 0.78218299 0.26268452 
1.5293715 0.78178382 0.26269361 
1.557662 0.78138185 0.26270276 
1.5857415 0.78098005 0.26271191 
1.613821 0.78057545 0.26272112 
1.6419007 0.78016794 0.26273042 
1.6699802 0.77975756 0.26273975 
1.6978693 0.77934706 0.26274911 
1.7257586 0.77893364 0.26275852 
1.7536478 0.77851731 0.262768 
1.7815369 0.77809805 0.26277757 
1.8092588 0.77767825 0.26278713 
1.8369807 0.77725554 0.26279676 
1.8647027 0.77682984 0.26280645 
1.8924246 0.77640104 0.26281622 
1.9200001 0.77597153 0.26282603 
1.9475756 0.77553892 0.26283589 
1.9751512 0.77510321 0.26284581 
2.0027266 0.77466446 0.26285583 
2.0301869 0.77422434 0.26286587 
2.0576472 0.77378112 0.26287597 
2.0851076 0.77333468 0.26288617 
2.1125681 0.77288508 0.26289642 
2.1399453 0.77243358 0.26290673 
2.1673224 0.77197886 0.2629171 
2.1946995 0.77152085 0.26292756 
2.2220767 0.77105957 0.26293811 
2.2494116 0.77059567 0.26294872 
2.2767463 0.77012837 0.26295939 
2.304081 0.76965773 0.26297015 
2.3314159 0.76918364 0.262981 
2.3587611 0.7687059 0.26299194 
2.3861065 0.76822472 0.26300293 
2.4134519 0.76774001 0.26301402 
2.4407973 0.76725173 0.26302522 
2.4682229 0.76675844 0.26303652 
2.4956484 0.76626152 0.2630479 
2.5230739 0.7657609 0.26305938 
2.5504994 0.76525658 0.26307094 
2.5781088 0.76474512 0.26308268 
2.6057184 0.76422983 0.26309451 
2.6333277 0.76371068 0.26310644 
2.6609373 0.76318765 0.26311845 
2.688895 0.76265395 0.26313072 
2.7168529 0.76211625 0.26314309 
2.7448106 0.76157439 0.26315558 
2.7727685 0.76102841 0.26316816 
2.8014233 0.76046443 0.26318115 
2.8300784 0.75989604 0.26319423 
2.8587334 0.75932312 0.26320747 
2.8873885 0.75874573 0.26322079 
2.917594 0.7581321 0.26323497 
2.9477994 0.75751334 0.26324928 
2.9780049 0.7568894 0.2632637 
3.0082104 0.75626016 0.26327828 
3.047585 0.75543201 0.26329747 
3.0869594 0.75459474 0.2633169 
3.126334 0.75374824 0.26333654 
3.1657085 0.75289237 0.26335645 
3.195591 0.75223649 0.26337171 
3.2254736 0.75157505 0.26338714 
3.2553563 0.75090808 0.26340267 
3.2852387 0.7502355 0.26341838 
3.3122866 0.74962175 0.26343274 
3.3393342 0.74900335 0.2634472 
3.3663821 0.74838018 0.26346177 
3.3934298 0.74775219 0.26347649 
3.4189668 0.74715489 0.2634905 
3.4445038 0.74655324 0.26350465 
3.4700406 0.74594718 0.2635189 
3.4955776 0.74533671 0.26353326 
3.5199933 0.74474889 0.26354709 
3.5444093 0.74415696 0.26356104 
3.5688252 0.74356085 0.26357514 
3.593241 0.74296057 0.26358929 
3.6167545 0.74237853 0.26360306 
3.6402681 0.7417925 0.26361695 
3.6637819 0.74120253 0.26363093 
3.6872954 0.74060857 0.26364502 
3.7100489 0.74002999 0.26365876 
3.7328024 0.73944759 0.26367262 
3.7555559 0.73886138 0.2636866 
3.7783093 0.7382713 0.26370066 
3.8004024 0.73769468 0.2637144 
3.8224955 0.73711431 0.26372829 
3.8445885 0.73653024 0.26374227 
3.8666816 0.73594242 0.26375633 
3.8881905 0.73536658 0.26377013 
3.9096992 0.73478711 0.26378405 
3.9312081 0.73420399 0.26379806 
3.9527168 0.73361725 0.26381218 
3.9737015 0.73304129 0.26382607 
3.9946861 0.73246175 0.26384005 
4.0156708 0.7318787 0.26385415 
4.0366554 0.73129213 0.26386833 
4.0571637 0.73071533 0.26388231 
4.0776715 0.73013514 0.26389638 
4.0981793 0.72955149 0.26391056 
4.1186872 0.72896433 0.26392484 
4.1387606 0.72838622 0.26393893 
4.1588335 0.72780472 0.26395309 
4.1789064 0.72721982 0.26396739 
4.1989799 0.72663146 0.26398179 
4.2186513 0.72605151 0.26399598 
4.2383223 0.72546828 0.26401028 
4.2579937 0.72488165 0.2640247 
4.2776651 0.72429168 0.26403922 
4.2969646 0.72370952 0.26405355 
4.3162642 0.72312409 0.26406798 
4.3355637 0.72253531 0.26408255 
4.3548632 0.72194326 0.26409718 
4.373817 0.72135854 0.26411167 
4.3927708 0.7207706 0.26412627 
4.4117246 0.72017938 0.26414096 
4.4306784 0.71958488 0.26415578 
4.4493103 0.71899724 0.26417044 
4.4679418 0.71840644 0.26418519 
4.4865732 0.71781236 0.26420006 
4.5052047 0.71721512 0.26421502 
4.5235357 0.71662426 0.26422983 
4.5418668 0.7160303 0.26424477 
4.5601974 0.71543306 0.26425982 
4.5785284 0.71483272 0.26427495 
4.5965767 0.71423841 0.26428998 
4.6146245 0.71364105 0.26430511 
4.6326723 0.71304047 0.26432031 
4.6507206 0.71243674 0.26433566 
4.6685042 0.71183872 0.26435089 
4.6862879 0.71123761 0.26436621 
4.7040715 0.7106334 0.26438162 
4.7218552 0.71002603 0.26439717 
4.7393904 0.70942408 0.26441258 
4.7569261 0.70881903 0.26442814 
4.7744613 0.70821089 0.26444378 
4.7919965 0.70759964 0.26445952 
4.809299 0.7069934 0.26447517 
4.8266015 0.70638418 0.26449093 
4.8439035 0.70577186 0.26450682 
4.8612061 0.70515651 0.26452279 
4.8782897 0.70454586 0.26453868 
4.8953733 0.70393217 0.26455468 
4.912457 0.70331544 0.26457077 
4.9295406 0.70269567 0.26458699 
4.9464178 0.70208037 0.26460314 
4.963295 0.70146203 0.26461938 
4.9801722 0.70084071 0.26463574 
4.9970493 0.70021635 0.26465222 
5.0137343 0.69959611 0.26466861 
5.0304193 0.69897288 0.26468512 
5.0471044 0.69834667 0.26470175 
5.0637894 0.69771743 0.2647185 
5.0802932 0.69709206 0.26473516 
5.096797 0.6964637 0.26475197 
5.1133008 0.69583243 0.26476887 
5.1298046 0.69519812 0.26478589 
5.1461391 0.69456738 0.26480284 
5.1624732 0.69393367 0.26481992 
5.1788077 0.69329703 0.26483715 
5.1951418 0.69265735 0.26485446 
5.211319 0.69202095 0.26487172 
5.2274961 0.69138163 0.26488912 
5.2436733 0.69073933 0.26490664 
5.25985 0.69009411 0.26492426 
5.2758803 0.68945181 0.26494187 
5.2919102 0.68880659 0.26495957 
5.30794 0.68815845 0.26497743 
5.3239703 0.68750739 0.26499537 
5.3398652 0.68685889 0.26501331 
5.3557596 0.68620753 0.26503137 
5.3716545 0.68555319 0.26504955 
5.3875494 0.68489599 0.26506788 
5.4033189 0.68424106 0.26508617 
5.4190888 0.6835832 0.26510459 
5.4348583 0.68292242 0.26512313 
5.4506283 0.68225878 0.26514181 
5.4662838 0.68159705 0.2651605 
5.4819398 0.68093246 0.26517928 
5.4975953 0.68026495 0.26519823 
5.5132508 0.67959452 0.2652173 
5.5288029 0.67892569 0.26523638 
5.5443549 0.67825401 0.26525557 
5.5599065 0.6775794 0.26527491 
5.5754585 0.67690194 0.26529437 
5.5909181 0.67622566 0.26531389 
5.6063776 0.67554647 0.2653335 
5.6218367 0.67486447 0.26535329 
5.6372962 0.67417955 0.2653732 
5.6526752 0.67349535 0.26539314 
5.6680541 0.67280829 0.26541322 
5.6834326 0.67211837 0.26543346 
5.6988115 0.67142558 0.26545382 
5.7141204 0.67073315 0.26547423 
5.7294288 0.67003781 0.26549479 
5.7447376 0.66933966 0.26551551 
5.7600465 0.66863859 0.26553637 
5.7752972 0.66793734 0.26555729 
5.7905478 0.66723329 0.26557839 
5.8057985 0.66652632 0.26559961 
5.8210497 0.66581655 0.26562098 
5.836256 0.665106 0.26564246 
5.8514628 0.66439253 0.26566407 
5.8666692 0.66367626 0.26568586 
5.881876 0.66295713 0.26570779 
5.8970513 0.66223663 0.26572981 
5.9122262 0.66151333 0.26575205 
5.9274015 0.66078711 0.2657744 
5.9425764 0.66005808 0.26579693 
5.9577351 0.65932697 0.26581958 
5.9728937 0.65859306 0.26584241 
5.9880524 0.65785629 0.26586542 
6.0032105 0.65711659 0.26588857 
6.0183697 0.6563741 0.26591191 
6.0335283 0.65562874 0.26593542 
6.0486875 0.65488046 0.26595908 
6.0638461 0.65412939 0.26598296 
6.0790229 0.65337455 0.26600701 
6.0941997 0.65261686 0.26603124 
6.109376 0.65185624 0.26605564 
6.1245527 0.65109283 0.26608026 
6.1397681 0.65032452 0.26610509 
6.154984 0.64955336 0.26613012 
6.1701994 0.64877933 0.26615533 
6.1854153 0.64800239 0.26618075 
6.2006955 0.64721924 0.26620644 
6.2159758 0.64643323 0.26623234 
6.231256 0.64564425 0.26625845 
6.2465363 0.6448524 0.26628473 
6.26191 0.6440528 0.26631141 
6.2772841 0.64325023 0.26633826 
6.2926583 0.64244473 0.26636535 
6.3080325 0.64163631 0.26639262 
6.3235373 0.64081806 0.26642036 
6.3390427 0.63999683 0.26644832 
6.354548 0.63917261 0.26647648 
6.3700528 0.63834542 0.26650485 
6.3857403 0.63750553 0.26653379 
6.4014277 0.63666254 0.266563 
6.4171147 0.63581663 0.26659238 
6.4328022 0.63496763 0.26662204 
6.448741 0.63410199 0.26665241 
6.4646792 0.63323325 0.26668304 
6.480618 0.63236141 0.26671389 
6.4965563 0.63148648 0.26674503 
6.512857 0.63058847 0.2667771 
6.5291572 0.62968725 0.26680946 
6.5454578 0.62878287 0.26684213 
6.561758 0.62787527 0.26687503 
6.5786214 0.62693298 0.26690936 
6.5954843 0.62598723 0.26694402 
6.6123476 0.62503815 0.26697898 
6.6292105 0.62408572 0.26701424 
6.647007 0.62307686 0.26705179 
6.6648035 0.62206429 0.26708969 
6.6825995 0.62104797 0.26712796 
6.7003961 0.62002796 0.26716655 
6.719985 0.61890095 0.2672095 
6.739574 0.61776948 0.26725289 
6.7591629 0.61663359 0.2672967 
6.7787519 0.61549324 0.26734099 
6.7980847 0.61436355 0.26738515 
6.8174176 0.61322957 0.2674298 
6.8367505 0.61209142 0.26747489 
6.8560839 0.61094904 0.26752043 
6.873395 0.60992259 0.26756164 
6.8907061 0.6088928 0.26760322 
6.9080172 0.60785973 0.26764518 
6.9253283 0.60682338 0.26768756 
6.9417119 0.60583955 0.26772803 
6.9580956 0.60485286 0.26776886 
6.9744792 0.60386324 0.26781005 
6.9908628 0.6028707 0.26785159 
7.0066452 0.60191196 0.267892 
7.0224276 0.60095054 0.26793274 
7.0382104 0.59998655 0.26797381 
7.0539927 0.59901994 0.26801527 
7.0693359 0.59807783 0.26805592 
7.0846791 0.59713328 0.26809689 
7.1000218 0.59618634 0.2681382 
7.115365 0.59523702 0.26817989 
7.1303697 0.59430635 0.26822099 
7.1453738 0.59337348 0.26826245 
7.1603785 0.59243834 0.26830423 
7.1753826 0.591501 0.26834637 
7.1901164 0.5905785 0.26838809 
7.2048502 0.58965391 0.26843014 
7.2195835 0.58872718 0.26847255 
7.2343173 0.58779848 0.26851532 
7.2488308 0.58688158 0.26855779 
7.2633438 0.58596277 0.26860058 
7.2778573 0.58504206 0.26864377 
7.2923708 0.58411938 0.26868728 
7.3067055 0.58320618 0.26873058 
7.3210402 0.58229113 0.26877427 
7.3353748 0.58137429 0.26881829 
7.3497095 0.5804556 0.26886266 
7.3638983 0.57954454 0.26890695 
7.378087 0.57863176 0.26895159 
7.3922758 0.57771724 0.2689966 
7.4064646 0.576801 0.26904196 
7.4205356 0.57589072 0.26908731 
7.434607 0.57497877 0.26913303 
7.448678 0.57406521 0.26917911 
7.462749 0.5731501 0.26922554 
7.4767294 0.57223934 0.26927206 
7.4907093 0.57132697 0.26931894 
7.5046892 0.57041317 0.2693662 
7.5186691 0.56949782 0.26941383 
7.5325809 0.56858546 0.26946163 
7.5464921 0.56767166 0.26950979 
7.5604038 0.56675643 0.26955834 
7.5743151 0.56583977 0.26960728 
7.5881815 0.56492472 0.26965642 
7.6020474 0.5640083 0.26970598 
7.6159139 0.5630905 0.26975593 
7.6297798 0.5621714 0.26980627 
7.6436229 0.56125253 0.26985693 
7.6574655 0.56033236 0.26990801 
7.671308 0.55941093 0.26995948 
7.6851506 0.55848825 0.27001137 
7.6989913 0.5575645 0.27006367 
7.712832 0.55663949 0.27011639 
7.7266722 0.5557133 0.27016953 
7.7405128 0.55478591 0.27022308 
7.7543755 0.5538559 0.27027714 
7.7682381 0.55292481 0.27033165 
7.7821007 0.55199254 0.27038661 
7.7959628 0.55105913 0.27044201 
7.8098717 0.55012161 0.27049804 
7.8237801 0.54918301 0.27055451 
7.8376884 0.54824334 0.27061144 
7.8515968 0.54730266 0.27066883 
7.8655801 0.5463559 0.27072701 
7.8795629 0.54540813 0.27078566 
7.8935461 0.5444594 0.27084476 
7.9075289 0.54350972 0.27090436 
7.9216175 0.54255193 0.27096492 
7.9357066 0.54159319 0.27102596 
7.9497952 0.5406335 0.27108753 
7.9638839 0.53967297 0.27114958 
7.9781189 0.53870159 0.27121279 
7.9923534 0.53772938 0.27127653 
8.006588 0.53675628 0.27134079 
8.0208225 0.5357824 0.27140561 
8.0352535 0.53479421 0.27147186 
8.0496855 0.53380525 0.27153867 
8.0641165 0.53281552 0.27160606 
8.0785475 0.53182501 0.27167401 
8.0932455 0.53081548 0.2717438 
8.1079435 0.52980524 0.2718142 
8.1226416 0.52879429 0.27188522 
8.1373396 0.52778262 0.27195683 
8.1524105 0.52674454 0.27203089 
8.1674824 0.52570581 0.27210563 
8.1825542 0.52466637 0.27218103 
8.1976261 0.52362639 0.27225709 
8.213254 0.52254736 0.27233669 
8.2288828 0.52146769 0.27241701 
8.2445116 0.52038741 0.27249807 
8.2601395 0.51930666 0.27257988 
8.2766428 0.51816481 0.27266705 
8.2931461 0.51702237 0.27275512 
8.3096495 0.51587945 0.27284399 
8.3261528 0.514736 0.27293375 
8.3451529 0.51341903 0.27303818 
8.3641539 0.51210147 0.27314377 
8.3831539 0.51078343 0.27325055 
8.4021549 0.50946492 0.27335849 
8.4201336 0.50821692 0.27346179 
8.4381132 0.50696856 0.27356616 
8.4560928 0.50571996 0.27367163 
8.4740715 0.50447112 0.2737782 
8.4929228 0.50316143 0.27389115 
8.5117741 0.50185162 0.27400538 
8.5306253 0.50054169 0.27412087 
8.5494776 0.49923164 0.27423763 
8.5699196 0.49781102 0.27436569 
8.5903616 0.4963904 0.27449533 
8.6108036 0.49496984 0.27462649 
8.6312456 0.49354944 0.27475923 
8.6479321 0.4923901 0.27486879 
8.6646185 0.49123093 0.27497938 
8.6813049 0.49007195 0.27509108 
8.6979914 0.48891315 0.27520385 
8.7132597 0.48785311 0.27530801 
8.7285271 0.48679328 0.2754131 
8.7437954 0.48573369 0.2755191 
8.7590628 0.48467436 0.27562609 
8.7734499 0.48367643 0.27572775 
8.787837 0.4826788 0.27583027 
8.8022232 0.48168147 0.27593365 
8.8166103 0.48068443 0.2760379 
8.8303595 0.47973186 0.27613834 
8.8441086 0.47877964 0.27623957 
8.8578577 0.47782776 0.27634165 
8.8716068 0.4768762 0.27644452 
8.88486 0.47595936 0.27654445 
8.8981133 0.47504285 0.27664515 
8.9113665 0.4741267 0.27674663 
8.9246187 0.47321096 0.27684888 
8.9374695 0.47232342 0.27694878 
8.9503193 0.47143623 0.27704942 
8.9631691 0.47054946 0.27715081 
8.9760199 0.46966311 0.27725297 
8.9885321 0.46880043 0.27735314 
9.0010452 0.46793813 0.27745408 
9.0135574 0.46707627 0.2775557 
9.0260706 0.46621484 0.27765808 
9.0382977 0.46537355 0.27775884 
9.0505247 0.46453264 0.27786028 
9.0627508 0.46369222 0.27796245 
9.0749779 0.46285221 0.27806535 
9.0869579 0.46202961 0.27816686 
9.0989389 0.46120748 0.27826908 
9.110919 0.4603858 0.27837199 
9.1229 0.45956457 0.27847561 
9.1346664 0.45875847 0.27857807 
9.1464329 0.45795286 0.27868122 
9.1582003 0.45714772 0.27878508 
9.1699667 0.45634308 0.27888963 
9.1815481 0.45555162 0.27899322 
9.1931295 0.45476064 0.27909747 
9.204711 0.45397016 0.27920243 
9.2162924 0.45318022 0.27930808 
9.2277136 0.45240173 0.27941293 
9.2391338 0.45162377 0.27951849 
9.250555 0.45084631 0.2796247 
9.2619762 0.45006943 0.27973163 
9.2732573 0.44930249 0.27983791 
9.2845392 0.44853613 0.2799449 
9.2958212 0.4477703 0.28005254 
9.3071032 0.44700503 0.28016087 
9.3182669 0.44624826 0.28026876 
9.3294315 0.44549209 0.28037733 
9.3405962 0.44473645 0.28048658 
9.3517599 0.44398141 0.28059652 
9.3628263 0.44323358 0.28070617 
9.3738928 0.44248632 0.2808165 
9.3849592 0.44173965 0.28092751 
9.3960247 0.44099355 0.28103924 
9.4070129 0.44025338 0.28115082 
9.4180012 0.43951377 0.28126311 
9.4289885 0.43877482 0.28137609 
9.4399767 0.43803647 0.28148976 
9.4509058 0.43730265 0.28160349 
9.4618359 0.43656948 0.28171793 
9.472765 0.43583694 0.28183308 
9.4836941 0.43510506 0.28194892 
9.4945869 0.4343763 0.28206506 
9.5054789 0.43364823 0.28218189 
9.5163708 0.43292081 0.28229943 
9.5272627 0.43219405 0.28241768 
9.5381413 0.43146893 0.28253651 
9.5490198 0.4307445 0.28265601 
9.5598974 0.43002075 0.28277624 
9.570776 0.42929772 0.2828972 
9.5816679 0.4285745 0.28301904 
9.5925589 0.42785203 0.28314158 
9.6034508 0.42713028 0.28326488 
9.6143417 0.42640927 0.28338888 
9.6252794 0.42568594 0.28351417 
9.6362171 0.42496338 0.28364021 
9.6471558 0.4242416 0.28376698 
9.6580935 0.42352059 0.28389454 
9.6691217 0.42279443 0.28402388 
9.68015 0.4220691 0.28415403 
9.6911783 0.42134458 0.28428495 
9.7022066 0.42062089 0.28441662 
9.7133894 0.4198879 0.28455096 
9.7245731 0.41915578 0.28468612 
9.7357559 0.41842455 0.28482208 
9.7469397 0.41769421 0.28495887 
9.7583895 0.41694739 0.28509974 
9.7698393 0.41620156 0.28524151 
9.7812891 0.41545668 0.28538412 
9.7927399 0.41471282 0.28552762 
9.8046827 0.41393796 0.28567821 
9.8166256 0.4131642 0.28582978 
9.8285694 0.41239154 0.28598228 
9.8405123 0.41162002 0.28613576 
9.853343 0.41079247 0.28630173 
9.8661728 0.40996623 0.28646883 
9.8790035 0.40914136 0.28663704 
9.8918333 0.40831783 0.28680637 
9.9047308 0.40749145 0.28697774 
9.9176273 0.40666649 0.28715026 
9.9305239 0.40584293 0.28732395 
9.9434214 0.40502086 0.2874988 
9.9550037 0.40428379 0.28765681 
9.9665871 0.40354794 0.28781581 
9.9781694 0.40281329 0.28797573 
9.9897528 0.40207985 0.2881366 
10.000738 0.4013854 0.28829005 
10.011724 0.40069205 0.2884444 
10.02271 0.39999986 0.28859961 
10.033696 0.3993088 0.28875566 
10.044292 0.39864337 0.28890702 
10.054889 0.39797902 0.28905919 
10.065485 0.39731577 0.2892122 
10.076081 0.39665365 0.28936601 
10.086392 0.39601043 0.28951648 
10.096704 0.39536828 0.28966773 
10.107016 0.3947272 0.28981975 
10.117328 0.39408726 0.28997257 
10.127419 0.39346197 0.2901229 
10.137511 0.39283779 0.29027396 
10.147603 0.39221469 0.29042581 
10.157696 0.39159268 0.2905784 
10.167614 0.39098245 0.29072911 
10.177533 0.39037326 0.29088056 
10.187451 0.38976517 0.29103273 
10.197371 0.38915819 0.29118568 
10.207151 0.38856071 0.29133722 
10.216932 0.38796434 0.29148948 
10.226713 0.38736907 0.29164246 
10.236494 0.38677487 0.29179615 
10.246165 0.38618842 0.29194888 
10.255837 0.38560304 0.29210231 
10.26551 0.3850188 0.29225644 
10.275181 0.38443568 0.2924113 
10.284769 0.38385874 0.29256549 
10.294356 0.3832829 0.29272044 
10.303945 0.38270819 0.29287606 
10.313532 0.38213465 0.29303241 
10.323057 0.38156593 0.29318842 
10.332582 0.38099834 0.29334515 
10.342109 0.38043192 0.2935026 
10.351634 0.37986666 0.29366073 
10.361117 0.37930503 0.29381886 
10.370602 0.37874457 0.29397771 
10.380085 0.3781853 0.29413727 
10.389568 0.37762719 0.29429752 
10.399031 0.37707159 0.29445809 
10.408492 0.37651718 0.29461938 
10.417953 0.37596399 0.29478136 
10.427415 0.37541199 0.29494405 
10.436875 0.37486133 0.29510739 
10.446335 0.37431189 0.29527146 
10.455794 0.37376371 0.29543623 
10.465255 0.37321678 0.2956017 
10.474733 0.37267002 0.2957682 
10.484212 0.37212455 0.29593542 
10.49369 0.37158033 0.29610333 
10.503168 0.37103745 0.29627198 
10.512689 0.37049347 0.29644206 
10.522208 0.36995083 0.29661286 
10.531728 0.36940953 0.2967844 
10.541248 0.36886957 0.29695663 
10.550835 0.36832717 0.29713082 
10.560421 0.36778617 0.29730573 
10.570007 0.36724657 0.29748136 
10.579594 0.36670834 0.29765773 
10.589277 0.36616609 0.29783663 
10.598961 0.36562526 0.29801628 
10.608644 0.3650859 0.29819667 
10.618329 0.36454803 0.29837781 
10.628148 0.36400408 0.29856226 
10.637968 0.36346167 0.29874745 
10.647787 0.36292079 0.29893345 
10.657607 0.36238146 0.29912019 
10.667618 0.36183321 0.29931137 
10.677628 0.36128658 0.29950333 
10.687638 0.36074162 0.29969612 
10.697649 0.36019829 0.29988968 
10.707937 0.35964161 0.30008945 
10.718225 0.35908669 0.30029005 
10.728513 0.35853356 0.30049148 
10.738801 0.35798222 0.30069378 
10.749525 0.35740936 0.30090553 
10.76025 0.35683843 0.30111822 
10.770974 0.35626951 0.30133182 
10.781698 0.35570255 0.30154631 
10.793196 0.35509691 0.3017773 
10.804694 0.35449359 0.30200934 
10.816192 0.35389256 0.3022424 
10.827689 0.3532939 0.30247653 
10.839283 0.35269257 0.30271366 
10.850876 0.35209367 0.30295184 
10.86247 0.35149714 0.3031911 
10.874063 0.35090306 0.30343139 
10.885042 0.35034272 0.30365992 
10.896021 0.34978455 0.30388939 
10.907 0.34922859 0.30411983 
10.917979 0.34867483 0.30435118 
10.928741 0.34813416 0.3045789 
10.939505 0.34759563 0.30480751 
10.950267 0.34705922 0.30503705 
10.96103 0.34652501 0.30526745 
10.97172 0.34599656 0.3054972 
10.982409 0.34547028 0.30572784 
10.993099 0.34494612 0.30595934 
11.00379 0.34442416 0.30619171 
11.014503 0.34390324 0.30642548 
11.025216 0.34338453 0.30666015 
11.03593 0.342868 0.30689564 
11.046642 0.3423537 0.30713204 
11.057469 0.34183618 0.30737182 
11.068295 0.34132099 0.30761248 
11.079123 0.34080803 0.30785403 
11.089949 0.3402974 0.30809647 
11.101003 0.33977842 0.3083449 
11.112056 0.33926183 0.30859423 
11.12311 0.33874765 0.30884448 
11.134163 0.33823588 0.30909562 
11.145631 0.33770746 0.30935714 
11.1571 0.33718169 0.30961964 
11.168568 0.33665851 0.30988312 
11.180037 0.33613795 0.31014752 
11.19252 0.3355743 0.31043646 
11.205003 0.33501381 0.31072649 
11.217486 0.33445641 0.31101769 
11.22997 0.33390218 0.31130999 
11.242828 0.33333462 0.31161222 
11.255686 0.33277041 0.31191564 
11.268544 0.33220953 0.31222022 
11.281403 0.33165202 0.31252596 
11.292888 0.33115688 0.31280005 
11.304373 0.3306644 0.31307507 
11.315858 0.33017465 0.31335098 
11.327344 0.32968757 0.31362781 
11.33825 0.32922757 0.31389153 
11.349156 0.32876998 0.31415606 
11.360063 0.32831484 0.31442142 
11.370969 0.32786214 0.31468755 
11.381522 0.3274264 0.31494585 
11.392076 0.32699296 0.31520489 
11.402629 0.32656181 0.31546468 
11.413183 0.32613292 0.31572521 
11.423492 0.32571617 0.3159804 
11.433803 0.32530162 0.31623635 
11.444113 0.32488921 0.31649294 
11.454423 0.32447904 0.31675026 
11.464555 0.32407802 0.31700379 
11.474688 0.32367912 0.317258 
11.48482 0.32328233 0.31751287 
11.494953 0.32288763 0.31776837 
11.504955 0.32250014 0.31802121 
11.514956 0.32211471 0.31827468 
11.524959 0.32173133 0.31852877 
11.53496 0.32134998 0.31878349 
11.544864 0.32097441 0.3190363 
11.554768 0.32060087 0.31928971 
11.564671 0.32022932 0.31954375 
11.574574 0.31985977 0.31979835 
11.584407 0.3194949 0.3200517 
11.594238 0.319132 0.32030565 
11.604071 0.31877109 0.32056013 
11.613902 0.31841215 0.32081521 
11.623684 0.318057 0.32106954 
11.633466 0.31770378 0.32132444 
11.643248 0.31735253 0.32157987 
11.653029 0.31700322 0.32183588 
11.662778 0.31665704 0.32209155 
11.672526 0.31631276 0.32234776 
11.682276 0.31597042 0.32260451 
11.692024 0.31562999 0.32286179 
11.701756 0.31529206 0.32311913 
11.711488 0.31495607 0.32337701 
11.72122 0.31462198 0.3236354 
11.730951 0.31428978 0.32389432 
11.740681 0.3139596 0.32415366 
11.750409 0.31363133 0.32441348 
11.760138 0.31330493 0.32467383 
11.769866 0.31298044 0.32493466 
11.779604 0.31265751 0.32519627 
11.789342 0.31233647 0.32545835 
11.799081 0.31201732 0.32572091 
11.808819 0.31170005 0.32598397 
11.818578 0.31138393 0.32624808 
11.828337 0.31106973 0.32651266 
11.838097 0.3107574 0.32677773 
11.847856 0.31044695 0.32704327 
11.857646 0.31013736 0.32731012 
11.867437 0.30982965 0.32757744 
11.877228 0.30952382 0.32784525 
11.887019 0.30921984 0.3281135 
11.896852 0.30891642 0.32838336 
11.906685 0.30861488 0.32865366 
11.916518 0.30831519 0.32892445 
11.926352 0.30801737 0.32919565 
11.936237 0.30771983 0.32946879 
11.946123 0.30742416 0.32974234 
11.956009 0.30713034 0.33001634 
11.965896 0.30683839 0.33029076 
11.975844 0.30654645 0.33056739 
11.985794 0.30625638 0.33084446 
11.995744 0.3059682 0.33112195 
12.005692 0.30568185 0.33139986 
12.015715 0.30539531 0.33168021 
12.025736 0.30511066 0.33196098 
12.035758 0.30482787 0.33224216 
12.04578 0.30454695 0.33252379 
12.055885 0.30426556 0.33280814 
12.06599 0.30398607 0.33309293 
12.076096 0.30370846 0.33337811 
12.086201 0.30343273 0.33366367 
12.0964 0.30315632 0.33395231 
12.1066 0.30288178 0.33424136 
12.116798 0.30260915 0.3345308 
12.126998 0.30233839 0.33482063 
12.137302 0.30206677 0.33511382 
12.147606 0.30179706 0.33540741 
12.157909 0.30152926 0.33570138 
12.168213 0.30126333 0.3359957 
12.178633 0.30099633 0.33629376 
12.189053 0.30073124 0.33659217 
12.199472 0.30046806 0.33689097 
12.209892 0.30020681 0.33719015 
12.220441 0.29994422 0.33749339 
12.230989 0.29968357 0.33779702 
12.241538 0.29942486 0.338101 
12.252088 0.29916808 0.33840534 
12.262778 0.29890978 0.33871412 
12.273469 0.29865342 0.33902329 
12.28416 0.29839903 0.33933282 
12.29485 0.29814655 0.33964267 
12.305698 0.29789233 0.33995745 
12.316547 0.29764009 0.34027261 
12.327395 0.29738981 0.34058809 
12.338244 0.29714149 0.34090391 
12.349265 0.29689121 0.34122509 
12.360286 0.29664293 0.34154662 
12.371307 0.29639664 0.34186846 
12.382328 0.29615235 0.34219065 
12.393541 0.2959058 0.34251881 
12.404756 0.2956613 0.34284729 
12.415969 0.2954188 0.3431761 
12.427182 0.29517832 0.34350523 
12.43861 0.29493529 0.34384096 
12.450038 0.29469433 0.34417701 
12.461466 0.29445544 0.34451336 
12.472894 0.2942186 0.34485003 
12.484561 0.2939789 0.34519404 
12.496227 0.29374129 0.34553838 
12.507895 0.29350579 0.34588301 
12.519561 0.29327238 0.34622791 
12.531498 0.29303569 0.34658116 
12.543436 0.29280114 0.34693468 
12.555373 0.29256877 0.34728849 
12.56731 0.29233852 0.34764257 
12.579558 0.29210448 0.34800619 
12.591806 0.29187265 0.34837005 
12.604054 0.29164305 0.3487342 
12.616302 0.29141563 0.34909862 
12.628912 0.29118374 0.3494741 
12.641521 0.29095417 0.34984985 
12.654131 0.29072687 0.35022584 
12.66674 0.29050186 0.35060212 
12.679786 0.2902714 0.35099164 
12.692831 0.29004338 0.35138142 
12.705876 0.28981769 0.35177144 
12.718922 0.28959438 0.35216174 
12.73252 0.2893641 0.35256884 
12.746119 0.28913635 0.35297617 
12.759717 0.28891107 0.35338375 
12.773315 0.28868833 0.35379156 
12.787691 0.28845552 0.35422292 
12.802067 0.28822544 0.35465452 
12.816442 0.28799811 0.35508636 
12.830819 0.28777346 0.3555184 
12.846627 0.28752953 0.35599378 
12.862436 0.28728878 0.35646939 
12.878245 0.28705123 0.35694522 
12.894053 0.28681684 0.35742125 
12.910325 0.28657886 0.35791144 
12.926597 0.28634417 0.35840183 
12.942867 0.28611273 0.35889238 
12.959139 0.28588453 0.35938314 
12.974968 0.28566557 0.35986069 
12.990797 0.28544962 0.36033842 
13.006627 0.28523666 0.36081624 
13.022456 0.28502664 0.36129418 
13.03804 0.2848227 0.36176485 
13.053625 0.28462157 0.36223558 
13.069209 0.28442323 0.36270639 
13.084793 0.28422764 0.36317727 
13.100421 0.28403425 0.36364955 
13.116049 0.28384358 0.36412182 
13.131677 0.28365561 0.36459416 
13.147305 0.2834703 0.3650665 
13.163141 0.28328523 0.36554521 
13.178979 0.28310284 0.36602393 
13.194817 0.2829231 0.36650261 
13.210653 0.28274605 0.3669813 
13.226866 0.28256747 0.36747128 
13.243078 0.28239164 0.3679612 
13.259291 0.28221852 0.36845109 
13.275504 0.28204805 0.36894092 
13.292341 0.28187379 0.36944956 
13.309179 0.28170237 0.3699581 
13.326017 0.28153375 0.37046656 
13.342855 0.2813679 0.37097487 
13.360946 0.28119278 0.37152085 
13.379036 0.28102076 0.37206668 
13.397126 0.28085187 0.3726123 
13.415216 0.28068602 0.37315774 
13.434282 0.28051454 0.37373239 
13.453348 0.28034636 0.3743068 
13.472414 0.2801815 0.37488094 
13.491481 0.28001988 0.37545481 
13.509689 0.27986851 0.37600258 
13.527899 0.2797201 0.37655011 
13.546107 0.27957451 0.37709734 
13.564317 0.27943182 0.37764424 
13.581344 0.2793009 0.37815538 
13.598371 0.27917242 0.37866622 
13.615398 0.27904639 0.37917677 
13.632425 0.27892271 0.37968701 
13.648905 0.27880526 0.38018054 
13.665385 0.27869001 0.38067374 
13.681865 0.27857694 0.38116664 
13.698344 0.27846602 0.38165924 
13.714488 0.27835941 0.38214144 
13.730632 0.27825487 0.38262329 
13.746775 0.27815229 0.38310483 
13.762918 0.27805173 0.38358602 
13.778838 0.27795449 0.38406017 
13.794758 0.27785912 0.384534 
13.810678 0.27776566 0.38500747 
13.826597 0.27767405 0.38548055 
13.842363 0.27758515 0.38594875 
13.85813 0.27749804 0.38641655 
13.873897 0.27741271 0.38688397 
13.889664 0.27732915 0.38735104 
13.905326 0.27724785 0.38781461 
13.920989 0.27716827 0.3882778 
13.936652 0.2770904 0.3887406 
13.952314 0.2770142 0.38920298 
13.967911 0.27693996 0.38966298 
13.983507 0.27686736 0.39012259 
13.999103 0.2767964 0.39058176 
14.014699 0.27672705 0.3910405 
14.030257 0.27665943 0.3914977 
14.045815 0.27659339 0.39195445 
14.061374 0.27652892 0.39241076 
14.076932 0.27646598 0.39286664 
14.092475 0.27640465 0.39332163 
14.108019 0.27634484 0.39377615 
14.123563 0.27628651 0.39423022 
14.139106 0.27622968 0.39468384 
14.154655 0.27617431 0.3951371 
14.170203 0.27612042 0.39558989 
14.185752 0.27606797 0.3960422 
14.201301 0.27601698 0.39649403 
14.216871 0.27596733 0.39694598 
14.232442 0.27591914 0.39739743 
14.248013 0.27587232 0.3978484 
14.263583 0.27582693 0.39829883 
14.27919 0.27578282 0.3987498 
14.294797 0.27574009 0.39920023 
14.310405 0.27569872 0.39965016 
14.326012 0.27565876 0.40009955 
14.341669 0.27561998 0.40054983 
14.357326 0.27558258 0.40099958 
14.372983 0.27554652 0.40144876 
14.38864 0.27551177 0.4018974 
14.40436 0.27547821 0.40234727 
14.420079 0.275446 0.40279654 
14.435799 0.27541506 0.40324524 
14.451518 0.27538544 0.40369338 
14.46731 0.27535698 0.40414301 
14.483103 0.27532983 0.40459204 
14.498896 0.27530393 0.40504047 
14.514688 0.27527931 0.40548831 
14.530565 0.27525583 0.40593794 
14.546443 0.27523363 0.40638694 
14.56232 0.27521271 0.40683532 
14.578197 0.27519301 0.40728307 
14.594169 0.27517444 0.40773287 
14.610141 0.27515712 0.408182 
14.626113 0.27514103 0.40863052 
14.642085 0.27512619 0.40907836 
14.658162 0.27511248 0.40952849 
14.674239 0.27509999 0.40997797 
14.690316 0.27508873 0.41042677 
14.706393 0.27507865 0.4108749 
14.722586 0.27506974 0.41132554 
14.738778 0.27506205 0.41177553 
14.754971 0.27505556 0.41222477 
14.771163 0.27505025 0.41267335 
14.787482 0.27504611 0.41312468 
14.803801 0.27504316 0.41357532 
14.820119 0.27504143 0.41402522 
14.836438 0.27504086 0.41447437 
14.852894 0.27504149 0.41492659 
14.869349 0.27504328 0.41537806 
14.885806 0.27504629 0.41582876 
14.902262 0.27505046 0.41627872 
14.918867 0.27505586 0.41673198 
14.935472 0.27506241 0.41718447 
14.952079 0.27507019 0.41763616 
14.968684 0.2750791 0.4180871 
14.985452 0.27508929 0.41854161 
15.00222 0.27510065 0.41899535 
15.018988 0.2751132 0.41944826 
15.035756 0.27512687 0.41990033 
15.052701 0.27514192 0.42035636 
15.069646 0.27515811 0.42081156 
15.086591 0.27517548 0.4212659 
15.103536 0.27519402 0.42171937 
15.120674 0.27521396 0.4221772 
15.137813 0.27523506 0.42263412 
15.154951 0.27525735 0.42309019 
15.172091 0.2752808 0.42354533 
15.189444 0.27530575 0.4240053 
15.206797 0.27533188 0.42446434 
15.22415 0.27535918 0.42492247 
15.241502 0.27538767 0.42537966 
15.259094 0.27541775 0.4258422 
15.276686 0.27544901 0.42630377 
15.294278 0.27548146 0.42676443 
15.31187 0.27551514 0.4272241 
15.329732 0.27555051 0.42768982 
15.347594 0.27558711 0.42815456 
15.365457 0.27562493 0.42861831 
15.383318 0.27566394 0.42908102 
15.401493 0.27570489 0.42955083 
15.419668 0.27574709 0.43001956 
15.437843 0.27579051 0.43048725 
15.456018 0.27583516 0.43095386 
15.474567 0.27588201 0.431429 
15.493116 0.27593014 0.431903 
15.511665 0.27597955 0.43237588 
15.530214 0.27603021 0.43284765 
15.549232 0.2760835 0.43333018 
15.568251 0.2761381 0.43381155 
15.587269 0.27619401 0.43429169 
15.606287 0.27625129 0.43477064 
15.62595 0.27631184 0.43526459 
15.645613 0.27637383 0.43575725 
15.665276 0.27643725 0.4362486 
15.684939 0.27650204 0.43673864 
15.705742 0.27657214 0.43725571 
15.726544 0.27664378 0.43777129 
15.747348 0.27671701 0.43828541 
15.76815 0.27679181 0.43879804 
15.790378 0.27687344 0.43934417 
15.812605 0.27695686 0.43988857 
15.834832 0.27704206 0.44043127 
15.857059 0.27712902 0.44097227 
15.879505 0.27721867 0.44151685 
15.901951 0.27731013 0.44205964 
15.924396 0.27740341 0.4426007 
15.946841 0.27749851 0.44313997 
15.967235 0.27758649 0.4436284 
15.987627 0.27767596 0.44411534 
16.00802 0.27776694 0.44460082 
16.028412 0.27785942 0.44508481 
16.047918 0.2779493 0.44554633 
16.067423 0.27804056 0.44600651 
16.086929 0.27813318 0.44646531 
16.106434 0.27822721 0.44692275 
16.125334 0.27831966 0.44736466 
16.144236 0.27841339 0.44780529 
16.163136 0.27850842 0.44824463 
16.182035 0.27860478 0.44868264 
16.200466 0.27870002 0.44910854 
16.218897 0.27879649 0.44953316 
16.237328 0.27889425 0.44995654 
16.255758 0.27899325 0.45037866 
16.2738 0.27909136 0.45079061 
16.29184 0.27919069 0.45120135 
16.309879 0.27929124 0.45161089 
16.327919 0.27939305 0.45201918 
16.345621 0.27949408 0.45241866 
16.363323 0.27959633 0.4528169 
16.381023 0.27969974 0.45321402 
16.398726 0.27980438 0.45360991 
16.416122 0.27990836 0.45399785 
16.433519 0.2800135 0.45438465 
16.450916 0.28011984 0.4547703 
16.468315 0.2802273 0.45515478 
16.485434 0.28033423 0.45553198 
16.502554 0.28044227 0.45590806 
16.519672 0.28055146 0.45628303 
16.536793 0.28066182 0.45665684 
16.553656 0.28077164 0.45702392 
16.570517 0.2808826 0.45738989 
16.587379 0.28099468 0.45775476 
16.604242 0.2811079 0.4581185 
16.620861 0.28122061 0.45847595 
16.637482 0.28133443 0.45883232 
16.654102 0.28144938 0.4591876 
16.670723 0.28156546 0.45954177 
16.687115 0.28168103 0.45988998 
16.703506 0.28179774 0.46023715 
16.719896 0.28191555 0.46058321 
16.736288 0.28203446 0.46092823 
16.75246 0.28215289 0.46126759 
16.768635 0.28227243 0.46160588 
16.784807 0.2823931 0.46194315 
16.800982 0.28251484 0.46227932 
16.816944 0.28263614 0.46261013 
16.832909 0.28275853 0.46293992 
16.848873 0.282882 0.46326864 
16.864838 0.28300661 0.46359631 
16.8806 0.28313074 0.46391889 
16.896364 0.28325596 0.4642404 
16.912128 0.2833823 0.46456093 
16.927891 0.28350973 0.46488041 
16.94346 0.28363669 0.46519494 
16.95903 0.28376475 0.46550846 
16.9746 0.28389388 0.46582097 
16.99017 0.28402415 0.46613249 
17.005552 0.28415394 0.46643922 
17.020933 0.28428483 0.46674499 
17.036314 0.28441682 0.46704972 
17.051697 0.28454992 0.46735349 
17.066898 0.28468257 0.46765271 
17.0821 0.28481629 0.46795094 
17.097301 0.28495115 0.46824819 
17.112503 0.28508711 0.46854445 
17.127531 0.28522262 0.46883637 
17.142559 0.28535923 0.4691273 
17.157587 0.28549698 0.46941727 
17.172615 0.28563583 0.46970627 
17.187477 0.28577423 0.46999109 
17.202337 0.28591377 0.47027496 
17.217199 0.2860544 0.47055784 
17.232061 0.28619617 0.47083977 
17.246761 0.28633752 0.47111771 
17.261461 0.28648001 0.47139469 
17.276161 0.2866236 0.47167072 
17.290861 0.28676832 0.47194576 
17.305407 0.28691265 0.47221699 
17.31995 0.28705809 0.47248727 
17.334496 0.28720468 0.47275659 
17.349041 0.28735241 0.47302499 
17.363436 0.28749979 0.4732897 
17.377832 0.28764826 0.47355348 
17.392229 0.2877979 0.47381634 
17.406624 0.2879487 0.47407824 
17.420879 0.28809917 0.47433662 
17.435133 0.28825077 0.47459409 
17.449387 0.28840354 0.47485065 
17.46364 0.28855747 0.47510627 
17.47776 0.2887111 0.47535852 
17.491879 0.28886589 0.47560987 
17.505997 0.28902188 0.4758603 
17.520115 0.28917903 0.4761098 
17.534105 0.28933594 0.47635612 
17.548094 0.28949401 0.47660151 
17.562084 0.28965327 0.47684601 
17.576075 0.28981376 0.47708958 
17.589943 0.28997403 0.47733015 
17.603813 0.2901355 0.47756979 
17.617682 0.29029819 0.47780854 
17.63155 0.29046211 0.47804639 
17.645306 0.29062587 0.47828135 
17.659061 0.29079086 0.47851542 
17.672817 0.29095709 0.47874859 
17.686573 0.29112455 0.47898084 
17.700224 0.29129195 0.47921044 
17.713875 0.29146063 0.47943911 
17.727526 0.29163054 0.47966689 
17.741175 0.29180169 0.47989377 
17.754732 0.29197294 0.48011816 
17.768288 0.29214546 0.48034167 
17.781843 0.29231924 0.48056427 
17.795399 0.2924943 0.48078594 
17.80887 0.29266956 0.48100534 
17.82234 0.29284611 0.48122382 
17.835812 0.29302397 0.48144141 
17.849281 0.29320315 0.4816581 
17.862679 0.29338264 0.48187271 
17.876076 0.29356346 0.48208639 
17.889473 0.29374564 0.48229918 
17.90287 0.29392916 0.48251104 
17.916206 0.29411319 0.48272106 
17.929543 0.29429859 0.48293018 
17.942879 0.29448536 0.48313838 
17.956215 0.2946735 0.48334566 
17.969505 0.29486239 0.48355132 
17.982796 0.29505268 0.48375607 
17.996088 0.2952444 0.48395988 
18.009378 0.29543751 0.48416281 
18.02264 0.29563168 0.48436439 
18.035904 0.29582727 0.48456502 
18.049166 0.29602432 0.48476475 
18.062429 0.29622287 0.48496354 
18.075686 0.29642278 0.4851613 
18.08894 0.29662418 0.48535812 
18.102196 0.29682711 0.48555401 
18.115452 0.29703155 0.48574895 
18.128727 0.29723781 0.48594326 
18.142004 0.29744568 0.48613659 
18.155279 0.29765511 0.48632896 
18.168554 0.29786611 0.48652038 
18.181883 0.29807955 0.48671162 
18.195211 0.29829466 0.48690185 
18.20854 0.29851139 0.48709112 
18.221869 0.29872981 0.48727942 
18.235292 0.29895148 0.48746809 
18.248718 0.2991749 0.48765576 
18.262144 0.29940003 0.48784241 
18.27557 0.29962695 0.48802808 
18.289156 0.29985836 0.48821491 
18.30274 0.30009159 0.4884007 
18.316326 0.30032668 0.48858544 
18.329912 0.30056363 0.48876911 
18.343752 0.30080697 0.48895517 
18.357592 0.30105227 0.48914009 
18.371431 0.30129957 0.48932394 
18.385271 0.3015489 0.48950666 
18.399525 0.30180782 0.4896937 
18.413778 0.30206895 0.48987955 
18.428032 0.30233225 0.4900642 
18.442286 0.30259782 0.49024767 
18.457283 0.30287966 0.49043939 
18.472279 0.30316404 0.49062976 
18.487276 0.30345094 0.4908188 
18.502272 0.30374044 0.49100649 
18.519197 0.30407032 0.49121669 
18.536123 0.3044036 0.49142516 
18.553047 0.30474028 0.49163187 
18.569973 0.30508041 0.49183682 
18.589972 0.30548683 0.49207669 
18.609968 0.30589819 0.4923141 
18.629967 0.30631462 0.492549 
18.649965 0.30673617 0.4927814 
18.665827 0.30707425 0.49296394 
18.681688 0.30741563 0.49314484 
18.69755 0.30776036 0.49332416 
18.713413 0.30810851 0.49350187 
18.727362 0.30841747 0.49365678 
18.74131 0.30872911 0.49381045 
18.755259 0.3090435 0.49396282 
18.769207 0.30936062 0.49411392 
18.781942 0.30965257 0.49425074 
18.794676 0.30994684 0.49438652 
18.807411 0.31024349 0.4945212 
18.820147 0.31054249 0.4946548 
18.832077 0.31082481 0.49477899 
18.844007 0.31110924 0.49490219 
18.85594 0.31139582 0.49502447 
18.86787 0.31168458 0.49514574 
18.87919 0.31196058 0.49525994 
18.890511 0.31223857 0.49537325 
18.901831 0.31251857 0.49548566 
18.913153 0.31280056 0.49559721 
18.923983 0.31307226 0.4957031 
18.934813 0.31334582 0.49580815 
18.945642 0.31362131 0.4959124 
18.956474 0.31389868 0.49601582 
18.966896 0.31416741 0.49611455 
18.977318 0.31443793 0.49621254 
18.98774 0.31471026 0.49630973 
18.998161 0.31498441 0.49640617 
19.008232 0.31525111 0.49649861 
19.018305 0.31551954 0.49659035 
19.028378 0.31578973 0.49668136 
19.03845 0.31606165 0.4967716 
19.04822 0.31632707 0.49685845 
19.057987 0.31659415 0.49694461 
19.067757 0.31686291 0.49703005 
19.077526 0.3171334 0.49711481 
19.087027 0.3173981 0.49719658 
19.096529 0.31766441 0.49727768 
19.10603 0.3179324 0.49735811 
19.115532 0.31820202 0.49743786 
19.124796 0.31846645 0.49751496 
19.134058 0.3187325 0.49759144 
19.143322 0.31900015 0.49766725 
19.152586 0.31926939 0.49774244 
19.161636 0.319534 0.49781528 
19.170687 0.31980017 0.49788746 
19.179737 0.32006791 0.49795905 
19.188787 0.32033721 0.49803001 
19.197647 0.32060236 0.49809885 
19.206505 0.32086903 0.4981671 
19.215364 0.32113722 0.49823475 
19.224224 0.32140696 0.4983018 
19.23291 0.32167295 0.49836692 
19.241596 0.32194042 0.4984315 
19.250282 0.32220942 0.49849546 
19.258968 0.3224799 0.49855882 
19.267498 0.32274702 0.49862048 
19.276028 0.3230156 0.49868158 
19.284557 0.32328567 0.49874207 
19.293087 0.32355723 0.49880204 
19.301476 0.32382575 0.49886039 
19.309864 0.32409573 0.49891824 
19.318253 0.3243672 0.49897549 
19.326641 0.32464013 0.49903217 
19.334902 0.32491031 0.49908745 
19.343161 0.32518193 0.4991422 
19.351421 0.32545501 0.49919638 
19.35968 0.32572955 0.49924999 
19.367825 0.32600167 0.49930233 
19.375969 0.32627523 0.49935412 
19.384113 0.32655022 0.49940535 
19.392258 0.32682663 0.49945608 
19.400297 0.32710093 0.49950561 
19.408339 0.32737666 0.4995546 
19.416378 0.32765383 0.49960306 
19.424417 0.32793239 0.49965099 
19.432364 0.3282091 0.49969783 
19.44031 0.32848725 0.49974415 
19.448256 0.32876676 0.49978992 
19.4562 0.32904774 0.49983519 
19.464064 0.32932717 0.49987945 
19.471928 0.32960799 0.4999232 
19.47979 0.32989025 0.49996644 
19.487654 0.33017388 0.50000912 
19.495445 0.33045638 0.50005096 
19.503239 0.33074027 0.50009221 
19.51103 0.33102554 0.50013304 
19.518824 0.33131224 0.50017327 
19.526554 0.33159804 0.50021267 
19.534285 0.33188525 0.50025159 
19.542015 0.33217385 0.50029004 
19.549747 0.33246386 0.50032789 
19.557426 0.3327533 0.50036502 
19.565104 0.33304411 0.50040162 
19.572783 0.33333635 0.50043774 
19.580462 0.33362997 0.50047332 
19.5881 0.33392337 0.50050825 
19.595737 0.3342182 0.50054264 
19.603374 0.33451441 0.5005765 
19.611013 0.33481202 0.50060987 
19.61862 0.33510983 0.5006426 
19.626228 0.33540905 0.50067478 
19.633835 0.33570966 0.50070649 
19.641443 0.33601168 0.50073767 
19.649031 0.33631426 0.5007683 
19.656618 0.33661824 0.5007984 
19.664204 0.33692363 0.50082797 
19.671791 0.33723044 0.50085706 
19.679371 0.3375383 0.50088555 
19.686951 0.33784759 0.50091356 
19.69453 0.33815828 0.50094104 
19.702108 0.3384704 0.50096804 
19.709694 0.33878413 0.5009945 
19.717279 0.33909929 0.50102049 
19.724865 0.33941585 0.50104594 
19.732449 0.33973384 0.50107086 
19.740053 0.34005404 0.50109535 
19.747656 0.34037566 0.50111926 
19.75526 0.34069872 0.50114268 
19.762863 0.34102324 0.50116557 
19.770504 0.3413507 0.50118804 
19.778145 0.34167966 0.50120997 
19.785784 0.34201005 0.50123137 
19.793425 0.34234187 0.50125229 
19.801121 0.34267759 0.50127274 
19.808817 0.34301478 0.50129271 
19.816511 0.34335342 0.50131208 
19.824207 0.34369355 0.50133091 
19.831984 0.34403875 0.50134939 
19.83976 0.34438545 0.50136733 
19.847536 0.34473363 0.50138474 
19.855312 0.34508333 0.50140154 
19.863201 0.34543958 0.50141799 
19.87109 0.34579736 0.50143391 
19.878977 0.34615672 0.50144923 
19.886866 0.34651759 0.50146395 
19.894909 0.34688717 0.50147843 
19.902952 0.34725833 0.50149226 
19.910995 0.3476311 0.50150543 
19.919039 0.34800544 0.50151807 
19.927301 0.34839168 0.50153041 
19.935564 0.34877959 0.50154209 
19.943827 0.34916916 0.50155318 
19.952091 0.34956044 0.50156355 
19.960682 0.34996906 0.50157374 
19.969275 0.35037947 0.50158316 
19.977867 0.35079169 0.50159192 
19.98646 0.35120571 0.50159997 
19.995676 0.35165185 0.50160784 
20.004894 0.35210001 0.50161493 
20.014112 0.35255024 0.50162119 
20.023329 0.35300249 0.50162661 
20.033894 0.35352328 0.50163192 
20.044456 0.3540467 0.50163609 
20.055019 0.35457277 0.50163925 
20.065584 0.35510147 0.50164133 
20.075304 0.35559025 0.50164235 
20.085024 0.35608122 0.50164241 
20.094744 0.35657436 0.50164163 
20.104464 0.3570697 0.5016399 
20.113552 0.35753477 0.50163752 
20.122641 0.35800171 0.5016343 
20.131727 0.3584705 0.50163037 
20.140816 0.35894117 0.5016256 
20.149635 0.35939962 0.50162023 
20.158453 0.35985979 0.50161409 
20.167271 0.36032167 0.5016073 
20.17609 0.36078522 0.50159967 
20.184845 0.36124712 0.50159144 
20.1936 0.36171067 0.50158244 
20.202354 0.36217585 0.50157273 
20.211109 0.36264265 0.5015623 
20.220005 0.36311859 0.50155091 
20.228901 0.3635962 0.50153881 
20.237797 0.36407545 0.501526 
20.246693 0.36455631 0.50151241 
20.256359 0.36508065 0.50149679 
20.266027 0.36560687 0.50148028 
20.275694 0.36613494 0.50146288 
20.28536 0.36666486 0.50144458 
20.293837 0.36713091 0.50142783 
20.302311 0.3675983 0.50141042 
20.310787 0.36806709 0.50139236 
20.319262 0.36853719 0.50137359 
20.327314 0.36898506 0.50135517 
20.335365 0.36943409 0.5013361 
20.343418 0.36988431 0.50131643 
20.351469 0.3703357 0.50129616 
20.35927 0.37077406 0.50127596 
20.367069 0.37121347 0.50125521 
20.37487 0.37165394 0.50123388 
20.382669 0.37209547 0.50121194 
20.390284 0.3725273 0.50119007 
20.397896 0.37296012 0.5011676 
20.405508 0.37339389 0.50114459 
20.41312 0.37382859 0.5011211 
20.420591 0.37425616 0.5010975 
20.428064 0.37468457 0.50107336 
20.435535 0.37511387 0.50104874 
20.443007 0.37554404 0.50102359 
20.450371 0.37596881 0.50099832 
20.457735 0.37639442 0.50097257 
20.465099 0.3768208 0.50094628 
20.472464 0.37724796 0.50091952 
20.479748 0.37767124 0.50089258 
20.487032 0.37809527 0.50086516 
20.494316 0.37852001 0.50083727 
20.5016 0.37894547 0.50080889 
20.508825 0.37936816 0.50078028 
20.51605 0.37979153 0.5007512 
20.523275 0.38021556 0.50072163 
20.5305 0.38064027 0.50069159 
20.537683 0.38106307 0.50066131 
20.544865 0.38148654 0.50063056 
20.552048 0.38191059 0.50059932 
20.559229 0.38233528 0.50056762 
20.566385 0.38275898 0.50053561 
20.573542 0.38318324 0.50050318 
20.580698 0.38360807 0.50047028 
20.587852 0.38403344 0.5004369 
20.594997 0.38445866 0.50040317 
20.602142 0.38488445 0.50036895 
20.609285 0.38531071 0.50033432 
20.61643 0.38573748 0.50029927 
20.623575 0.38616481 0.50026375 
20.630722 0.3865926 0.50022781 
20.637867 0.38702089 0.50019139 
20.645012 0.38744959 0.50015455 
20.65217 0.38787955 0.50011724 
20.659328 0.38830996 0.50007945 
20.666487 0.38874075 0.50004125 
20.673647 0.38917199 0.50000262 
20.68083 0.38960516 0.49996337 
20.688015 0.39003873 0.49992374 
20.6952 0.39047268 0.49988365 
20.702385 0.39090699 0.49984315 
20.709608 0.39134395 0.49980199 
20.716829 0.39178127 0.49976042 
20.724052 0.39221892 0.4997184 
20.731276 0.39265686 0.49967593 
20.738548 0.39309824 0.49963278 
20.745823 0.39353991 0.49958915 
20.753096 0.39398184 0.4995451 
20.76037 0.39442408 0.49950063 
20.767708 0.39487049 0.49945533 
20.775045 0.39531714 0.49940962 
20.782383 0.39576402 0.49936345 
20.789721 0.39621115 0.49931687 
20.797136 0.39666325 0.49926934 
20.804554 0.39711559 0.49922138 
20.81197 0.39756811 0.49917299 
20.819386 0.3980208 0.49912417 
20.826897 0.39847949 0.49907428 
20.834408 0.3989383 0.49902394 
20.841919 0.39939728 0.49897319 
20.84943 0.39985639 0.49892199 
20.857054 0.40032256 0.49886957 
20.864677 0.40078881 0.4988167 
20.872301 0.40125516 0.49876341 
20.879925 0.40172163 0.49870968 
20.887682 0.40219638 0.49865451 
20.895441 0.40267119 0.49859893 
20.903198 0.40314606 0.49854288 
20.910955 0.40362096 0.4984864 
20.918875 0.40410572 0.49842826 
20.926794 0.40459049 0.49836966 
20.934711 0.40507525 0.49831063 
20.942631 0.40556002 0.49825111 
20.950743 0.40605664 0.49818969 
20.958857 0.40655324 0.49812776 
20.96697 0.40704975 0.49806538 
20.975082 0.40754622 0.4980025 
20.983437 0.40805727 0.49793729 
20.991789 0.40856826 0.49787158 
21.000143 0.4090791 0.49780539 
21.008497 0.40958983 0.49773869 
21.017159 0.41011927 0.49766901 
21.025822 0.41064852 0.49759883 
21.034485 0.41117761 0.49752811 
21.043148 0.41170645 0.49745688 
21.052237 0.41226113 0.4973816 
21.061327 0.41281554 0.49730575 
21.070417 0.41336969 0.49722937 
21.079506 0.4139235 0.49715242 
21.089289 0.4145191 0.497069 
21.09907 0.41511428 0.49698496 
21.10885 0.41570908 0.49690026 
21.118633 0.41630343 0.49681497 
21.130478 0.4170225 0.49671087 
21.142323 0.41774088 0.49660587 
21.154167 0.41845852 0.49649996 
21.166012 0.41917539 0.49639317 
21.176268 0.41979542 0.49630004 
21.186523 0.42041484 0.49620622 
21.196779 0.42103359 0.49611178 
21.207035 0.42165166 0.49601668 
21.216759 0.42223707 0.49592593 
21.226482 0.42282182 0.49583462 
21.236206 0.42340592 0.49574274 
21.24593 0.42398933 0.49565032 
21.255413 0.42455757 0.49555966 
21.264894 0.42512515 0.49546847 
21.274376 0.42569202 0.49537677 
21.283859 0.42625824 0.49528456 
21.293221 0.42681652 0.495193 
21.302582 0.42737409 0.49510098 
21.311943 0.42793098 0.49500844 
21.321304 0.42848709 0.49491543 
21.330608 0.42903903 0.49482253 
21.339911 0.42959026 0.49472913 
21.349215 0.43014067 0.49463528 
21.358519 0.43069035 0.49454096 
21.367809 0.4312385 0.49444631 
21.3771 0.43178588 0.49435121 
21.386393 0.43233243 0.49425563 
21.395683 0.4328782 0.49415964 
21.404997 0.43342447 0.49406293 
21.41431 0.43396991 0.4939658 
21.423626 0.43451449 0.49386823 
21.43294 0.43505824 0.49377021 
21.442308 0.43560433 0.49367118 
21.451677 0.43614954 0.4935717 
21.461048 0.43669385 0.4934718 
21.470417 0.43723723 0.49337149 
21.479868 0.43778449 0.49326983 
21.489321 0.43833083 0.49316776 
21.498772 0.43887621 0.49306527 
21.508223 0.43942067 0.49296236 
21.51779 0.43997067 0.49285778 
21.527355 0.44051972 0.49275276 
21.536921 0.44106776 0.49264735 
21.546488 0.44161481 0.49254152 
21.556198 0.44216913 0.49243364 
21.56591 0.44272244 0.49232534 
21.575623 0.44327468 0.49221662 
21.585335 0.44382584 0.49210748 
21.595236 0.44438663 0.49199581 
21.605137 0.44494632 0.4918837 
21.615038 0.44550487 0.49177116 
21.624939 0.44606227 0.49165824 
21.635086 0.44663233 0.49154207 
21.645233 0.44720116 0.49142548 
21.65538 0.44776881 0.49130848 
21.665525 0.4483352 0.49119103 
21.67602 0.44891977 0.49106914 
21.686516 0.449503 0.4909468 
21.69701 0.45008489 0.49082404 
21.707504 0.45066547 0.49070084 
21.718605 0.45127815 0.49057004 
21.729706 0.45188931 0.49043879 
21.740807 0.45249894 0.49030709 
21.751907 0.45310712 0.49017489 
21.763618 0.45374703 0.49003497 
21.77533 0.45438528 0.48989451 
21.787039 0.4550218 0.48975357 
21.79875 0.45565665 0.48961216 
21.809715 0.45624951 0.48947927 
21.820681 0.45684087 0.489346 
21.831646 0.45743075 0.4892123 
21.842609 0.45801908 0.48907819 
21.853331 0.45859289 0.48894668 
21.864052 0.45916528 0.48881477 
21.874773 0.4597362 0.48868248 
21.885494 0.46030566 0.48854983 
21.896097 0.46086743 0.48841825 
21.9067 0.46142778 0.48828632 
21.917303 0.46198672 0.48815402 
21.927908 0.46254423 0.4880214 
21.938459 0.4630976 0.48788905 
21.949011 0.46364954 0.48775637 
21.959562 0.46420008 0.48762336 
21.970114 0.46474922 0.48749003 
21.98065 0.46529615 0.48735654 
21.991186 0.46584168 0.48722273 
22.001722 0.46638581 0.48708859 
22.012259 0.46692851 0.48695412 
22.022808 0.46747047 0.48681921 
22.033358 0.46801102 0.48668393 
22.043907 0.46855018 0.48654839 
22.054457 0.4690879 0.48641253 
22.065039 0.4696258 0.48627594 
22.075621 0.4701623 0.48613909 
22.086201 0.47069737 0.48600191 
22.096783 0.47123101 0.48586446 
22.107414 0.47176579 0.48572606 
22.118046 0.4722991 0.48558736 
22.128677 0.47283101 0.48544839 
22.139309 0.47336146 0.48530912 
22.150003 0.47389367 0.48516876 
22.1607 0.47442445 0.48502809 
22.171394 0.4749538 0.48488715 
22.182089 0.47548169 0.48474595 
22.192862 0.47601187 0.48460346 
22.203632 0.4765406 0.48446071 
22.214403 0.47706786 0.48431772 
22.225174 0.47759369 0.48417443 
22.236032 0.47812235 0.48402971 
22.246893 0.47864956 0.48388475 
22.257751 0.47917527 0.48373953 
22.268612 0.47969955 0.48359403 
22.279568 0.48022705 0.48344699 
22.290525 0.48075309 0.48329967 
22.301483 0.48127767 0.48315212 
22.312441 0.48180076 0.48300433 
22.323507 0.48232752 0.48285481 
22.334574 0.48285276 0.48270506 
22.345638 0.48337653 0.48255506 
22.356705 0.48389879 0.48240483 
22.367889 0.48442513 0.48225275 
22.379074 0.48494995 0.48210043 
22.390257 0.48547325 0.4819479 
22.401442 0.48599502 0.4817951 
22.412752 0.48652121 0.48164037 
22.424065 0.48704588 0.4814854 
22.435375 0.487569 0.48133019 
22.446688 0.48809057 0.48117477 
22.458136 0.48861694 0.48101723 
22.469585 0.48914176 0.48085946 
22.481033 0.48966503 0.48070148 
22.492481 0.49018675 0.48054329 
22.504076 0.49071354 0.48038286 
22.515673 0.49123877 0.48022223 
22.527267 0.49176243 0.48006135 
22.538862 0.49228451 0.4799003 
22.550615 0.49281213 0.47973683 
22.562368 0.49333814 0.47957316 
22.574121 0.49386257 0.47940928 
22.585875 0.49438539 0.47924519 
22.597794 0.49491403 0.47907856 
22.609715 0.49544102 0.47891176 
22.621634 0.4959664 0.47874472 
22.633553 0.49649021 0.47857752 
22.645651 0.49702013 0.47840762 
22.657747 0.49754843 0.47823754 
22.669846 0.49807507 0.47806725 
22.681942 0.49860007 0.47789678 
22.694227 0.49913153 0.47772351 
22.706511 0.49966133 0.47755003 
22.718794 0.50018942 0.47737637 
22.731079 0.50071591 0.47720253 
22.743563 0.50124919 0.47702569 
22.756046 0.50178081 0.47684866 
22.76853 0.50231075 0.47667146 
22.781013 0.50283897 0.47649407 
22.793709 0.50337446 0.4763135 
22.806404 0.50390822 0.47613278 
22.819099 0.50444025 0.47595188 
22.831795 0.50497055 0.4757708 
22.844715 0.50550854 0.47558635 
22.857635 0.50604475 0.47540176 
22.870556 0.50657916 0.47521695 
22.883476 0.50711191 0.47503203 
22.896637 0.5076527 0.4748435 
22.909796 0.5081917 0.47465482 
22.922956 0.50872892 0.474466 
22.936115 0.50926435 0.47427702 
22.949532 0.50980842 0.4740842 
22.962948 0.51035064 0.47389123 
22.976364 0.51089108 0.47369811 
22.989779 0.51142967 0.47350484 
23.003469 0.51197743 0.47330749 
23.017159 0.51252329 0.47310999 
23.030848 0.51306731 0.47291237 
23.044538 0.51360947 0.4727146 
23.058521 0.51416141 0.47251242 
23.072506 0.51471144 0.47231013 
23.086491 0.51525962 0.47210771 
23.100475 0.51580584 0.47190514 
23.114777 0.51636261 0.47169784 
23.12908 0.51691741 0.47149041 
23.143383 0.5174703 0.47128284 
23.157686 0.51802123 0.47107518 
23.172335 0.51858354 0.47086233 
23.186985 0.51914382 0.47064939 
23.201633 0.51970214 0.47043633 
23.216284 0.52025843 0.47022316 
23.231314 0.52082717 0.47000432 
23.246344 0.52139384 0.46978539 
23.261374 0.52195847 0.46956635 
23.276402 0.52252102 0.46934721 
23.291857 0.5230974 0.46912175 
23.30731 0.52367163 0.46889624 
23.322765 0.52424371 0.46867061 
23.338219 0.52481371 0.46844488 
23.354153 0.52539921 0.46821204 
23.370087 0.5259825 0.46797913 
23.386021 0.52656364 0.46774614 
23.401955 0.52714258 0.46751305 
23.418446 0.52773947 0.46727175 
23.434935 0.52833402 0.46703035 
23.451426 0.52892631 0.46678886 
23.467916 0.52951634 0.46654734 
23.485083 0.53012812 0.46629584 
23.502249 0.5307374 0.46604428 
23.519413 0.53134435 0.46579266 
23.536579 0.53194886 0.46554095 
23.554625 0.53258175 0.4652763 
23.57267 0.53321207 0.4650116 
23.590715 0.53383982 0.46474683 
23.608761 0.53446496 0.46448204 
23.628185 0.53513503 0.46419695 
23.647608 0.53580213 0.46391183 
23.667032 0.5364663 0.46362668 
23.686457 0.53712761 0.46334147 
23.708233 0.53786558 0.46302173 
23.730009 0.53859997 0.46270195 
23.751785 0.53933078 0.46238217 
23.773563 0.54005808 0.46206236 
23.794428 0.5407517 0.46175593 
23.815294 0.54144216 0.4614495 
23.836161 0.54212946 0.46114311 
23.857027 0.54281366 0.46083671 
23.876717 0.54345644 0.4605476 
23.896406 0.54409653 0.46025851 
23.916096 0.54473382 0.45996949 
23.935787 0.54536849 0.45968047 
23.955025 0.545986 0.45939812 
23.974264 0.546601 0.45911583 
23.993504 0.54721344 0.45883358 
24.012743 0.54782343 0.45855138 
24.031759 0.54842395 0.45827249 
24.050776 0.54902202 0.45799369 
24.069792 0.54961771 0.45771495 
24.088808 0.55021101 0.45743626 
24.107716 0.55079871 0.45715922 
24.126625 0.55138409 0.45688224 
24.145535 0.55196714 0.45660535 
24.164444 0.55254793 0.45632854 
24.183315 0.55312538 0.45605236 
24.202188 0.55370057 0.45577627 
24.22106 0.55427361 0.45550027 
24.239933 0.55484438 0.45522436 
24.258816 0.55541337 0.4549484 
24.277699 0.55598015 0.45467252 
24.296581 0.55654478 0.45439675 
24.315466 0.55710727 0.45412111 
24.334394 0.55766904 0.4538449 
24.353325 0.55822873 0.45356879 
24.372255 0.55878627 0.45329279 
24.391186 0.55934173 0.45301694 
24.410189 0.5598973 0.4527401 
24.429193 0.56045085 0.45246342 
24.448198 0.56100231 0.45218685 
24.467201 0.56155169 0.45191044 
24.486301 0.56210184 0.45163277 
24.505402 0.56264997 0.45135522 
24.5245 0.56319606 0.45107785 
24.5436 0.56374013 0.4508006 
24.562813 0.56428552 0.45052186 
24.582027 0.56482881 0.45024326 
24.60124 0.5653702 0.44996482 
24.620455 0.56590962 0.44968656 
24.639797 0.56645066 0.44940656 
24.65914 0.56698978 0.44912675 
24.678484 0.56752694 0.44884712 
24.697826 0.56806219 0.44856763 
24.717312 0.5685994 0.44828627 
24.736797 0.56913465 0.44800511 
24.756283 0.56966799 0.4477241 
24.775768 0.57019949 0.44744331 
24.795408 0.57073319 0.44716045 
24.815046 0.57126504 0.44687781 
24.834686 0.57179499 0.44659537 
24.854326 0.57232302 0.44631311 
24.874132 0.57285362 0.44602868 
24.893936 0.57338238 0.44574445 
24.913742 0.57390922 0.44546044 
24.933546 0.57443416 0.44517663 
24.953527 0.57496196 0.44489053 
24.973509 0.57548785 0.44460464 
24.993488 0.5760119 0.44431898 
25.01347 0.57653409 0.44403353 
25.033634 0.57705927 0.44374567 
25.053799 0.5775826 0.44345808 
25.073963 0.57810408 0.4431707 
25.094128 0.57862377 0.44288355 
25.114485 0.57914656 0.4425939 
25.134842 0.57966751 0.44230449 
25.155199 0.58018667 0.44201535 
25.175558 0.58070403 0.44172645 
25.196115 0.58122468 0.44143492 
25.216675 0.58174354 0.44114369 
25.237232 0.58226055 0.4408527 
25.257792 0.58277577 0.44056198 
25.278559 0.58329445 0.44026858 
25.299324 0.58381134 0.43997544 
25.320091 0.58432645 0.43968257 
25.340858 0.58483976 0.43939 
25.361839 0.58535659 0.43909466 
25.382822 0.58587164 0.43879959 
25.403805 0.58638495 0.43850482 
25.424786 0.58689654 0.43821034 
25.445992 0.5874117 0.43791303 
25.467197 0.58792514 0.43761602 
25.488401 0.58843684 0.43731931 
25.509607 0.58894676 0.43702289 
25.531042 0.58946049 0.43672356 
25.552477 0.58997244 0.43642455 
25.57391 0.59048265 0.43612587 
25.595345 0.59099108 0.43582749 
25.617016 0.59150344 0.43552616 
25.638687 0.59201401 0.43522513 
25.660358 0.59252286 0.43492445 
25.682028 0.59302998 0.43462408 
25.703941 0.59354103 0.43432069 
25.725855 0.59405035 0.43401766 
25.747768 0.594558 0.43371496 
25.769682 0.59506387 0.43341258 
25.791843 0.59557378 0.43310714 
25.814007 0.59608197 0.43280205 
25.836168 0.59658849 0.43249732 
25.85833 0.59709328 0.43219295 
25.880749 0.59760213 0.43188542 
25.903166 0.59810936 0.43157825 
25.925585 0.59861481 0.43127146 
25.948002 0.59911859 0.43096504 
25.970682 0.59962654 0.43065542 
25.993362 0.60013282 0.43034616 
26.016041 0.60063738 0.43003732 
26.038721 0.60114026 0.42972884 
26.061668 0.60164738 0.42941713 
26.084616 0.60215282 0.42910582 
26.107565 0.6026566 0.42879489 
26.130512 0.60315865 0.42848435 
26.153734 0.60366499 0.42817053 
26.176956 0.60416973 0.42785713 
26.200178 0.60467273 0.42754412 
26.2234 0.60517406 0.42723155 
26.246902 0.60567981 0.42691562 
26.270403 0.60618383 0.4266001 
26.293905 0.60668617 0.42628503 
26.317408 0.60718685 0.42597038 
26.341196 0.607692 0.42565233 
26.364985 0.60819542 0.42533472 
26.388773 0.60869724 0.42501757 
26.412561 0.60919732 0.42470086 
26.436642 0.60970193 0.42438072 
26.460722 0.61020488 0.42406103 
26.484802 0.61070615 0.42374179 
26.508884 0.61120582 0.42342302 
26.533262 0.61170995 0.42310077 
26.557642 0.61221248 0.42277899 
26.582022 0.61271334 0.4224577 
26.606401 0.61321253 0.42213684 
26.631086 0.6137163 0.4218125 
26.655771 0.61421847 0.42148861 
26.680456 0.61471897 0.42116523 
26.705141 0.6152178 0.42084235 
26.730137 0.61572129 0.42051589 
26.755133 0.61622316 0.42018995 
26.780127 0.6167233 0.41986451 
26.805122 0.61722189 0.41953957 
26.830437 0.61772507 0.41921103 
26.855749 0.61822671 0.41888303 
26.881062 0.61872661 0.41855553 
26.906374 0.61922497 0.41822857 
26.932011 0.61972797 0.41789794 
26.957649 0.62022942 0.41756788 
26.983286 0.62072915 0.41723832 
27.008923 0.62122732 0.41690934 
27.034889 0.62173021 0.41657665 
27.060858 0.62223154 0.41624451 
27.086824 0.62273115 0.41591293 
27.112793 0.62322921 0.41558191 
27.139097 0.62373203 0.41524717 
27.165401 0.62423325 0.414913 
27.191706 0.62473285 0.41457942 
27.21801 0.62523079 0.41424641 
27.244658 0.62573361 0.41390961 
27.271305 0.62623477 0.41357344 
27.297953 0.62673438 0.41323784 
27.3246 0.62723231 0.41290283 
27.351597 0.62773514 0.41256404 
27.378595 0.62823635 0.41222584 
27.405592 0.6287359 0.41188824 
27.43259 0.6292339 0.4115513 
27.459944 0.62973678 0.41121048 
27.487299 0.63023812 0.41087031 
27.514652 0.63073772 0.41053075 
27.542007 0.63123578 0.41019183 
27.569725 0.63173884 0.40984905 
27.597445 0.63224024 0.40950689 
27.625162 0.63274002 0.40916538 
27.652882 0.6332382 0.40882453 
27.680969 0.63374138 0.40847978 
27.709059 0.63424295 0.40813568 
27.737146 0.63474292 0.40779227 
27.765236 0.63524121 0.40744951 
27.793701 0.63574463 0.40710282 
27.822166 0.63624638 0.40675682 
27.850632 0.63674647 0.4064115 
27.879097 0.637245 0.40606686 
27.907949 0.63774866 0.40571827 
27.9368 0.63825065 0.40537035 
27.965652 0.63875103 0.40502313 
27.994503 0.6392498 0.40467662 
28.023746 0.63975376 0.40432611 
28.05299 0.64025605 0.40397635 
28.082233 0.64075673 0.40362728 
28.111479 0.6412558 0.40327892 
28.141121 0.64176005 0.40292656 
28.170763 0.64226264 0.40257496 
28.200407 0.64276361 0.40222406 
28.230049 0.64326298 0.40187392 
28.260101 0.6437676 0.40151972 
28.290152 0.64427054 0.40116626 
28.320202 0.64477187 0.40081358 
28.350254 0.64527166 0.40046164 
28.380718 0.64577663 0.40010563 
28.411182 0.64627993 0.39975041 
28.441648 0.64678168 0.39939597 
28.472113 0.64728177 0.39904231 
28.503002 0.64778715 0.3986845 
28.533892 0.64829099 0.3983275 
28.564781 0.6487931 0.3979713 
28.595671 0.64929366 0.39761591 
28.626991 0.64979953 0.39725637 
28.658312 0.65030378 0.39689767 
28.689632 0.65080637 0.39653978 
28.720953 0.65130734 0.39618269 
28.752714 0.65181369 0.39582142 
28.784475 0.65231842 0.39546099 
28.816235 0.65282154 0.39510143 
28.847996 0.65332299 0.3947427 
28.880205 0.65382987 0.39437976 
28.912413 0.65433514 0.3940177 
28.94462 0.65483868 0.39365649 
28.976828 0.65534067 0.39329615 
29.009493 0.65584809 0.39293158 
29.04216 0.65635389 0.39256787 
29.074825 0.65685803 0.39220506 
29.107491 0.65736049 0.39184314 
29.140623 0.65786856 0.39147696 
29.173756 0.65837491 0.39111164 
29.206888 0.65887964 0.39074728 
29.240021 0.6593827 0.39038378 
29.273628 0.65989131 0.39001602 
29.307236 0.6603983 0.38964921 
29.340841 0.66090357 0.3892833 
29.374449 0.66140723 0.38891834 
29.408541 0.66191649 0.38854903 
29.442635 0.66242409 0.38818067 
29.476727 0.66293001 0.38781327 
29.51082 0.66343433 0.38744682 
29.545408 0.66394424 0.38707602 
29.579994 0.66445249 0.3867062 
29.614582 0.66495907 0.38633737 
29.649168 0.66546398 0.38596949 
29.684261 0.66597462 0.38559723 
29.719355 0.66648352 0.38522598 
29.754446 0.66699076 0.38485572 
29.789539 0.66749638 0.38448647 
29.825146 0.66800767 0.38411278 
29.860754 0.66851735 0.38374016 
29.89636 0.6690253 0.38336852 
29.931969 0.66953152 0.38299793 
29.968103 0.67004365 0.38262287 
30.004238 0.67055404 0.38224885 
30.040373 0.67106271 0.3818759 
30.076509 0.67156971 0.38150397 
30.11318 0.67208254 0.3811276 
30.149853 0.67259371 0.38075227 
30.186525 0.67310315 0.38037804 
30.223196 0.67361087 0.38000485 
30.260416 0.67412448 0.37962717 
30.297636 0.67463636 0.37925062 
30.334856 0.67514658 0.37887514 
30.372076 0.67565507 0.37850076 
30.409857 0.67616951 0.37812185 
30.447636 0.67668217 0.37774405 
30.485416 0.67719316 0.37736738 
30.523197 0.67770249 0.37699184 
30.561552 0.67821777 0.37661171 
30.599907 0.67873132 0.37623274 
30.638262 0.67924309 0.37585491 
30.676617 0.67975324 0.37547821 
30.715557 0.68026936 0.37509692 
30.754498 0.68078375 0.37471682 
30.793438 0.68129641 0.37433788 
30.832376 0.68180734 0.37396011 
30.871916 0.68232435 0.37357771 
30.911455 0.68283963 0.37319654 
30.950993 0.68335313 0.37281656 
30.990532 0.68386489 0.37243775 
31.030682 0.6843828 0.37205431 
31.070833 0.68489897 0.37167209 
31.110983 0.68541336 0.3712911 
31.151134 0.68592602 0.3709113 
31.191914 0.68644488 0.37052682 
31.232695 0.68696201 0.37014359 
31.273474 0.68747729 0.36976162 
31.314253 0.68799084 0.36938089 
31.355677 0.68851072 0.36899543 
31.397099 0.6890288 0.36861122 
31.43852 0.68954504 0.36822832 
31.479942 0.69005954 0.3678467 
31.522022 0.69058037 0.36746031 
31.564102 0.69109941 0.3670752 
31.606182 0.69161659 0.36669144 
31.648262 0.69213206 0.36630896 
31.691015 0.69265389 0.36592168 
31.733768 0.69317394 0.36553577 
31.776522 0.69369215 0.36515114 
31.819275 0.6942085 0.36476788 
31.862722 0.69473147 0.36437973 
31.906168 0.69525254 0.36399299 
31.949615 0.69577181 0.36360756 
31.993063 0.69628924 0.36322352 
32.037216 0.69681323 0.3628346 
32.081371 0.6973353 0.36244711 
32.125523 0.69785559 0.36206099 
32.169678 0.69837403 0.36167625 
32.214561 0.69889915 0.36128658 
32.259445 0.69942236 0.36089832 
32.304325 0.69994372 0.36051148 
32.349209 0.70046324 0.36012608 
32.394844 0.70098954 0.35973567 
32.440475 0.70151389 0.35934675 
32.486107 0.70203638 0.35895923 
32.531742 0.70255703 0.3585732 
32.57814 0.70308447 0.35818213 
32.624542 0.70361 0.35779259 
32.67094 0.70413363 0.3574045 
32.717342 0.70465541 0.35701787 
32.764534 0.7051841 0.35662618 
32.811726 0.70571083 0.35623601 
32.858917 0.70623565 0.35584736 
32.906109 0.70675856 0.3554602 
32.954121 0.70728862 0.35506788 
33.002132 0.70781666 0.35467711 
33.05014 0.70834279 0.35428786 
33.098152 0.70886695 0.35390019 
33.147007 0.70939839 0.35350728 
33.195862 0.7099278 0.35311595 
33.244717 0.71045524 0.35272619 
33.293568 0.71098071 0.35233805 
33.343288 0.71151346 0.3519446 
33.393005 0.71204424 0.35155281 
33.442726 0.71257299 0.35116261 
33.492447 0.71309972 0.35077402 
33.543056 0.71363395 0.35038009 
33.59367 0.71416616 0.34998783 
33.644283 0.71469629 0.34959722 
33.694897 0.71522444 0.34920824 
33.746437 0.71576017 0.34881383 
33.797977 0.71629387 0.34842113 
33.849518 0.71682549 0.34803009 
33.901058 0.71735507 0.34764072 
33.953556 0.71789247 0.34724587 
34.006054 0.71842772 0.34685272 
34.058552 0.71896088 0.34646133 
34.11105 0.71949202 0.34607163 
34.164539 0.72003102 0.34567633 
34.218033 0.72056794 0.34528279 
34.271523 0.72110277 0.34489101 
34.325016 0.72163546 0.34450099 
34.379539 0.72217631 0.34410521 
34.434063 0.72271502 0.34371129 
34.48859 0.72325158 0.34331915 
34.543114 0.723786 0.3429288 
34.598713 0.72432876 0.34253258 
34.654312 0.72486931 0.34213823 
34.709911 0.72540772 0.34174573 
34.765511 0.72594392 0.34135506 
34.822231 0.72648877 0.34095839 
34.878952 0.72703135 0.34056363 
34.935673 0.72757173 0.34017074 
34.992393 0.7281099 0.33977973 
35.050289 0.72865701 0.33938256 
35.108185 0.72920179 0.33898732 
35.16608 0.72974437 0.33859402 
35.22398 0.73028469 0.33820263 
35.283104 0.73083419 0.33780491 
35.342232 0.73138136 0.33740917 
35.40136 0.7319262 0.33701542 
35.460484 0.73246884 0.33662361 
35.520912 0.73302102 0.33622524 
35.581341 0.73357081 0.3358289 
35.641766 0.73411834 0.33543462 
35.702194 0.73466349 0.33504233 
35.763996 0.73521864 0.33464319 
35.825798 0.73577142 0.33424613 
35.887604 0.73632175 0.33385116 
35.949406 0.73686975 0.33345827 
36.01268 0.73742831 0.33305818 
36.075954 0.73798448 0.33266023 
36.139229 0.73853809 0.33226442 
36.202503 0.73908937 0.33187073 
36.267361 0.73965186 0.33146942 
36.332218 0.74021184 0.3310703 
36.397076 0.74076927 0.3306734 
36.461933 0.74132425 0.33027869 
36.528503 0.74189126 0.32987583 
36.595074 0.74245572 0.32947525 
36.661644 0.74301755 0.32907695 
36.728214 0.74357688 0.3286809 
36.796688 0.74414945 0.32827592 
36.865162 0.74471939 0.32787326 
36.933636 0.74528664 0.32747298 
37.002106 0.74585122 0.32707506 
37.072731 0.74643081 0.32666707 
37.143353 0.74700755 0.32626155 
37.213978 0.7475816 0.32585847 
37.284599 0.74815285 0.32545784 
37.357738 0.74874157 0.3250455 
37.430878 0.74932742 0.32463574 
37.504017 0.74991035 0.32422855 
37.577152 0.75049037 0.3238239 
37.653465 0.75109255 0.32340443 
37.729778 0.75169164 0.32298768 
37.806087 0.75228763 0.32257369 
37.882401 0.75288057 0.32216239 
37.963501 0.75350744 0.32172823 
38.044605 0.7541309 0.32129711 
38.125706 0.75475103 0.32086897 
38.20681 0.75536776 0.32044384 
38.293491 0.75602323 0.31999272 
38.380169 0.75667495 0.319545 
38.46685 0.75732291 0.31910059 
38.553532 0.75796717 0.31865951 
38.639923 0.7586056 0.31822321 
38.726311 0.75924039 0.31779012 
38.812698 0.75987154 0.31736028 
38.89909 0.76049912 0.31693363 
38.982067 0.7610985 0.31652686 
39.065041 0.76169467 0.31612298 
39.148018 0.76228762 0.31572199 
39.230991 0.76287729 0.31532389 
39.312691 0.76345479 0.3149347 
39.39439 0.7640292 0.31454825 
39.476089 0.76460052 0.31416452 
39.557785 0.76516885 0.31378353 
39.638901 0.76573008 0.3134079 
39.720013 0.7662884 0.31303492 
39.801125 0.76684374 0.31266457 
39.882236 0.76739615 0.31229681 
39.963108 0.76794404 0.31193274 
40.043983 0.76848912 0.31157118 
40.124855 0.76903129 0.31121218 
40.205727 0.76957065 0.31085569 
40.28656 0.77010697 0.31050184 
40.367393 0.77064049 0.3101505 
40.448231 0.77117121 0.30980161 
40.529064 0.77169919 0.30945516 
40.609993 0.77222508 0.30911073 
40.690922 0.77274823 0.30876875 
40.771854 0.77326864 0.30842915 
40.852783 0.77378637 0.30809194 
40.933903 0.77430266 0.3077563 
41.015018 0.77481622 0.30742306 
41.096138 0.77532715 0.30709213 
41.177258 0.77583545 0.30676356 
41.258629 0.77634269 0.3064363 
41.339996 0.77684724 0.30611134 
41.421368 0.77734929 0.3057887 
41.502739 0.77784866 0.30546832 
41.584412 0.77834731 0.30514902 
41.666084 0.7788434 0.30483201 
41.747757 0.77933693 0.30451724 
41.82943 0.77982795 0.3042047 
41.911442 0.78031838 0.30389312 
41.993454 0.7808063 0.30358374 
42.075466 0.78129172 0.30327657 
42.157475 0.78177464 0.3029716 
42.239857 0.7822572 0.30266747 
42.322239 0.78273726 0.30236548 
42.404617 0.78321481 0.30206567 
42.487 0.78368992 0.30176803 
42.569767 0.78416479 0.30147111 
42.652538 0.78463715 0.30117637 
42.73531 0.78510714 0.30088371 
42.818077 0.78557462 0.3005932 
42.901257 0.78604203 0.30030334 
42.984436 0.78650701 0.3000156 
43.067612 0.78696954 0.29972991 
43.150791 0.78742969 0.29944631 
43.23439 0.78788972 0.29916337 
43.317989 0.78834736 0.29888248 
43.401585 0.78880268 0.29860362 
43.485184 0.78925556 0.29832682 
43.569218 0.78970844 0.29805061 
43.653252 0.79015899 0.2977764 
43.737286 0.79060715 0.29750422 
43.821323 0.791053 0.29723403 
43.905796 0.79149884 0.29696441 
43.990273 0.7919423 0.29669678 
44.074745 0.79238349 0.29643112 
44.159222 0.79282236 0.29616743 
44.244152 0.79326123 0.29590428 
44.329079 0.79369783 0.29564309 
44.414009 0.79413217 0.29538381 
44.498936 0.79456419 0.29512647 
44.584324 0.79499626 0.29486966 
44.669712 0.79542601 0.29461476 
44.7551 0.79585356 0.29436177 
44.840488 0.79627883 0.29411066 
44.926338 0.79670417 0.29386008 
45.012188 0.79712725 0.29361138 
45.098042 0.79754806 0.29336452 
45.183891 0.79796666 0.29311955 
45.270218 0.79838532 0.29287505 
45.356541 0.79880178 0.2926324 
45.442863 0.79921603 0.29239157 
45.529186 0.79962808 0.29215258 
45.615986 0.80004019 0.29191408 
45.702785 0.80045009 0.29167739 
45.789585 0.80085784 0.29144248 
45.876389 0.80126339 0.29120937 
45.963676 0.801669 0.2909767 
46.050964 0.80207247 0.29074582 
46.138252 0.80247378 0.29051673 
46.22554 0.80287296 0.29028934 
46.313316 0.80327225 0.29006246 
46.401096 0.80366933 0.2898373 
46.488873 0.80406427 0.28961387 
46.576653 0.80445713 0.28939214 
46.664928 0.80485004 0.28917089 
46.753204 0.80524087 0.28895134 
46.84148 0.80562955 0.28873348 
46.929756 0.80601615 0.2885173 
47.018539 0.80640286 0.28830153 
47.107323 0.80678743 0.28808749 
47.196106 0.80716991 0.28787506 
47.284889 0.80755037 0.28766429 
47.374187 0.80793095 0.28745395 
47.46349 0.80830938 0.28724527 
47.552788 0.80868578 0.28703821 
47.642086 0.80906016 0.28683275 
47.731915 0.80943459 0.28662768 
47.821739 0.809807 0.28642425 
47.911564 0.81017739 0.2862224 
48.001389 0.81054574 0.28602213 
48.091747 0.81091422 0.28582227 
48.182106 0.81128067 0.285624 
48.272465 0.81164503 0.28542727 
48.362823 0.81200743 0.2852321 
48.453735 0.81237 0.28503728 
48.544647 0.81273061 0.28484401 
48.635559 0.81308913 0.28465229 
48.726467 0.81344569 0.28446209 
48.81794 0.81380242 0.28427222 
48.909409 0.81415719 0.2840839 
49.000877 0.81450993 0.28389707 
49.092346 0.8148607 0.28371173 
49.184395 0.81521171 0.28352669 
49.27644 0.8155607 0.28334317 
49.368488 0.81590778 0.28316113 
49.460533 0.81625283 0.28298053 
49.553169 0.81659818 0.28280023 
49.645809 0.8169415 0.28262141 
49.738445 0.81728292 0.28244403 
49.831085 0.81762236 0.28226808 
49.924332 0.81796211 0.28209239 
50.017582 0.81829995 0.28191817 
50.110828 0.81863576 0.28174531 
50.204075 0.81896973 0.28157392 
50.297947 0.81930393 0.28140274 
50.391823 0.81963623 0.28123298 
50.485695 0.81996661 0.28106463 
50.579567 0.8202951 0.28089762 
50.674091 0.82062387 0.28073087 
50.768612 0.82095075 0.28056547 
50.863132 0.82127577 0.28040144 
50.957653 0.82159883 0.28023878 
51.052845 0.8219223 0.2800763 
51.148033 0.82224387 0.27991518 
51.243221 0.82256353 0.27975538 
51.338413 0.82288128 0.27959692 
51.434299 0.82319951 0.27943864 
51.530182 0.82351577 0.27928168 
51.626068 0.82383025 0.27912602 
51.721954 0.82414281 0.27897167 
51.818558 0.8244558 0.27881745 
51.915161 0.82476693 0.27866456 
52.011765 0.82507622 0.27851292 
52.108368 0.8253836 0.27836257 
52.205719 0.82569152 0.27821234 
52.30307 0.82599753 0.27806339 
52.400421 0.82630175 0.27791569 
52.497772 0.82660407 0.27776927 
52.595898 0.82690698 0.27762291 
52.694023 0.82720798 0.2774778 
52.792149 0.82750714 0.27733395 
52.890274 0.82780451 0.27719131 
52.989208 0.82810241 0.27704874 
53.088139 0.82839853 0.27690738 
53.187073 0.82869273 0.27676725 
53.286007 0.82898515 0.27662832 
53.385788 0.82927823 0.27648944 
53.485565 0.82956946 0.27635172 
53.585346 0.82985884 0.27621523 
53.685123 0.83014643 0.27607989 
53.785782 0.83043474 0.27594459 
53.88644 0.83072114 0.27581045 
53.987099 0.83100575 0.2756775 
54.087757 0.83128858 0.27554569 
54.189331 0.83157212 0.27541384 
54.290909 0.83185387 0.27528319 
54.392483 0.83213377 0.27515367 
54.494061 0.83241189 0.27502531 
54.596596 0.83269078 0.27489686 
54.699131 0.83296782 0.27476957 
54.801666 0.83324313 0.27464342 
54.904202 0.8335166 0.27451837 
55.007748 0.8337909 0.27439323 
55.111294 0.83406347 0.27426922 
55.21484 0.83433414 0.27414632 
55.318386 0.83460307 0.27402452 
55.422989 0.8348729 0.2739026 
55.527588 0.83514094 0.27378178 
55.632191 0.83540714 0.27366206 
55.73679 0.8356716 0.27354342 
55.842499 0.83593702 0.27342463 
55.948208 0.83620059 0.27330691 
56.053917 0.83646238 0.27319029 
56.159626 0.83672237 0.27307472 
56.266499 0.83698344 0.27295896 
56.373375 0.83724266 0.27284425 
56.480247 0.83750015 0.27273065 
56.587124 0.8377558 0.27261806 
56.695225 0.83801258 0.27250525 
56.803326 0.83826751 0.27239349 
56.911423 0.83852065 0.27228281 
57.019524 0.838772 0.27217314 
57.128922 0.8390246 0.2720632 
57.238319 0.8392753 0.2719543 
57.347717 0.83952427 0.27184644 
57.457115 0.83977145 0.2717396 
57.567871 0.84001982 0.27163246 
57.678627 0.84026641 0.27152634 
57.789383 0.8405112 0.27142125 
57.900139 0.84075415 0.27131715 
58.012337 0.84099847 0.27121273 
58.124535 0.841241 0.27110931 
58.236732 0.84148169 0.27100691 
58.34893 0.84172058 0.27090549 
58.46265 0.84196085 0.27080369 
58.57637 0.84219933 0.27070293 
58.69009 0.84243602 0.27060312 
58.80381 0.84267086 0.2705043 
58.919147 0.84290719 0.27040505 
59.034485 0.84314173 0.27030683 
59.149818 0.84337443 0.27020955 
59.265156 0.84360534 0.27011326 
59.382206 0.8438378 0.27001652 
59.499256 0.84406841 0.26992074 
59.616302 0.84429723 0.26982594 
59.733353 0.8445242 0.26973212 
59.852222 0.84475285 0.26963776 
59.971088 0.84497964 0.26954442 
60.089958 0.84520459 0.26945201 
60.208828 0.84542769 0.26936054 
60.329639 0.84565258 0.26926854 
60.450451 0.84587562 0.26917753 
60.571262 0.84609681 0.26908743 
60.692074 0.8463161 0.2689983 
60.814949 0.84653735 0.26890856 
60.937824 0.84675664 0.26881978 
61.060699 0.84697407 0.26873195 
61.183575 0.84718966 0.26864508 
61.308666 0.84740728 0.26855755 
61.433754 0.84762293 0.26847097 
61.558842 0.84783673 0.26838532 
61.683929 0.84804863 0.26830059 
61.811386 0.84826267 0.26821521 
61.938843 0.84847474 0.26813075 
62.066296 0.84868497 0.26804724 
62.193752 0.84889328 0.26796463 
62.323746 0.84910375 0.2678813 
62.453735 0.84931231 0.26779893 
62.583725 0.84951895 0.26771745 
62.713715 0.8497237 0.2676369 
62.846416 0.8499307 0.26755559 
62.979115 0.8501358 0.26747522 
63.111816 0.85033894 0.26739576 
63.244514 0.8505401 0.26731721 
63.380142 0.85074371 0.26723784 
63.515766 0.85094535 0.2671594 
63.65139 0.85114503 0.26708189 
63.787018 0.85134274 0.26700526 
63.925766 0.85154301 0.26692781 
64.064514 0.85174119 0.26685125 
64.203262 0.85193741 0.26677564 
64.34201 0.85213166 0.26670089 
64.4841 0.85232848 0.26662531 
64.626183 0.85252327 0.26655063 
64.768272 0.85271603 0.26647687 
64.910355 0.85290676 0.266404 
65.055977 0.85310012 0.26633024 
65.201599 0.85329145 0.26625741 
65.347221 0.8534807 0.26618546 
65.492844 0.85366786 0.26611444 
65.642136 0.85385764 0.26604253 
65.79142 0.85404533 0.26597154 
65.940704 0.85423088 0.26590148 
66.089996 0.85441434 0.2658323 
66.242981 0.85460019 0.26576233 
66.395966 0.85478389 0.26569328 
66.54895 0.85496545 0.26562515 
66.701935 0.85514492 0.26555789 
66.858475 0.85532641 0.26549 
67.015022 0.8555057 0.265423 
67.17157 0.85568285 0.2653569 
67.32811 0.85585785 0.26529169 
67.487793 0.85603416 0.26522607 
67.647469 0.85620832 0.26516134 
67.807144 0.85638034 0.2650975 
67.966827 0.85655022 0.26503456 
68.128952 0.85672051 0.26497149 
68.291077 0.85688859 0.26490933 
68.453201 0.85705459 0.26484802 
68.615326 0.8572185 0.26478755 
68.779022 0.85738182 0.26472735 
68.942719 0.85754299 0.26466802 
69.106415 0.85770214 0.26460949 
69.270103 0.85785913 0.26455179 
69.434547 0.85801482 0.26449466 
69.598984 0.85816848 0.2644383 
69.763428 0.85832006 0.26438275 
69.927864 0.85846961 0.264328 
70.092384 0.85861731 0.26427397 
70.256905 0.85876298 0.26422071 
70.421432 0.85890669 0.2641682 
70.585953 0.85904849 0.26411641 
70.750153 0.85918808 0.26406547 
70.914352 0.85932577 0.26401523 
71.078552 0.85946161 0.26396573 
71.242752 0.8595956 0.26391688 
71.406433 0.85972738 0.2638689 
71.570122 0.85985732 0.26382157 
71.73381 0.85998547 0.2637749 
71.897499 0.86011189 0.26372892 
72.060616 0.86023611 0.26368371 
72.223732 0.8603586 0.26363912 
72.386856 0.86047941 0.26359519 
72.549973 0.8605985 0.26355186 
72.71257 0.86071563 0.26350924 
72.875168 0.86083108 0.26346725 
73.037758 0.86094487 0.26342583 
73.200356 0.8610571 0.263385 
73.362511 0.86116743 0.26334485 
73.524658 0.86127621 0.26330525 
73.686813 0.86138344 0.26326618 
73.848961 0.86148918 0.26322767 
74.010796 0.86159313 0.26318979 
74.172623 0.86169559 0.26315242 
74.33445 0.86179662 0.26311556 
74.496284 0.86189616 0.26307923 
74.657898 0.86199415 0.26304343 
74.819519 0.86209071 0.26300812 
74.98114 0.86218584 0.26297334 
75.142761 0.86227953 0.26293901 
75.304298 0.86237186 0.26290518 
75.465836 0.86246276 0.2628718 
75.627373 0.86255234 0.26283893 
75.78891 0.86264056 0.26280648 
75.950485 0.86272752 0.2627745 
76.112061 0.86281312 0.26274294 
76.273636 0.86289746 0.26271182 
76.435211 0.86298048 0.26268116 
76.596939 0.86306232 0.26265085 
76.758667 0.86314285 0.26262099 
76.920403 0.86322218 0.26259154 
77.08213 0.86330026 0.26256251 
77.244125 0.86337727 0.26253384 
77.40612 0.86345303 0.26250556 
77.568115 0.8635276 0.2624777 
77.730118 0.86360103 0.26245019 
77.892479 0.86367339 0.26242301 
78.054848 0.86374456 0.26239625 
78.217216 0.86381459 0.26236981 
78.379578 0.8638835 0.26234376 
78.542427 0.8639515 0.26231802 
78.705269 0.86401832 0.26229262 
78.868118 0.86408401 0.26226759 
79.03096 0.86414862 0.26224291 
79.194389 0.86421239 0.26221851 
79.357819 0.86427504 0.26219442 
79.521248 0.86433661 0.2621707 
79.684677 0.86439711 0.26214731 
79.848785 0.86445683 0.26212415 
80.012894 0.86451548 0.26210132 
80.177002 0.86457306 0.26207882 
80.341118 0.86462963 0.26205662 
80.506004 0.86468548 0.26203465 
80.670891 0.86474025 0.26201302 
80.835777 0.86479402 0.26199168 
81.000664 0.86484683 0.26197064 
81.16642 0.86489886 0.26194978 
81.332176 0.86494994 0.26192924 
81.497932 0.86500001 0.26190901 
81.663689 0.86504918 0.26188904 
81.830414 0.86509758 0.26186928 
81.997139 0.86514509 0.26184979 
82.163872 0.86519164 0.26183057 
82.330597 0.86523724 0.26181164 
82.498398 0.86528218 0.2617929 
82.666191 0.86532623 0.26177439 
82.833992 0.86536932 0.26175618 
83.001785 0.86541146 0.26173824 
83.170746 0.86545306 0.26172042 
83.339706 0.86549371 0.2617029 
83.508667 0.86553347 0.26168561 
83.677628 0.86557233 0.26166859 
83.847862 0.8656106 0.26165169 
84.018097 0.86564797 0.26163507 
84.188339 0.86568451 0.26161867 
84.358574 0.86572015 0.26160252 
84.530197 0.8657552 0.26158649 
84.701813 0.86578941 0.26157072 
84.873436 0.86582279 0.26155517 
85.045052 0.86585528 0.26153988 
85.218163 0.86588722 0.26152468 
85.391273 0.86591834 0.26150969 
85.564377 0.86594862 0.26149496 
85.737488 0.865978 0.26148045 
85.912216 0.86600691 0.26146606 
86.086952 0.86603498 0.26145187 
86.261681 0.86606222 0.26143789 
86.436417 0.86608863 0.26142415 
86.6129 0.8661145 0.26141047 
86.789391 0.86613959 0.26139703 
86.965874 0.86616385 0.2613838 
87.142365 0.86618733 0.26137078 
87.320755 0.86621022 0.26135781 
87.499153 0.8662324 0.26134509 
87.677551 0.86625373 0.26133254 
87.855942 0.86627424 0.2613202 
88.036407 0.86629426 0.26130795 
88.216873 0.86631352 0.26129588 
88.397339 0.86633193 0.26128402 
88.577797 0.86634958 0.26127234 
88.760544 0.86636674 0.26126072 
88.943291 0.86638308 0.2612493 
89.126038 0.86639863 0.26123807 
89.308777 0.86641341 0.26122701 
89.494034 0.86642766 0.26121601 
89.679291 0.86644113 0.2612052 
89.864548 0.86645383 0.26119456 
90.049797 0.86646575 0.26118413 
90.237839 0.86647707 0.26117373 
90.42588 0.86648768 0.26116347 
90.613922 0.86649752 0.26115343 
90.801956 0.86650658 0.26114357 
90.993149 0.86651504 0.2611337 
91.184334 0.86652267 0.26112404 
91.375526 0.86652958 0.26111454 
91.566711 0.86653578 0.26110521 
91.761505 0.86654127 0.26109588 
91.956306 0.86654598 0.26108673 
92.1511 0.86654997 0.26107776 
92.345894 0.86655313 0.26106894 
92.544922 0.86655563 0.26106012 
92.74395 0.86655736 0.26105148 
92.942978 0.86655825 0.26104298 
93.141998 0.86655837 0.26103467 
93.346199 0.86655772 0.26102632 
93.550392 0.86655629 0.26101813 
93.754585 0.86655402 0.26101008 
93.958778 0.86655098 0.26100224 
94.169655 0.86654699 0.26099429 
94.380531 0.86654216 0.26098651 
94.591408 0.8665365 0.26097891 
94.802284 0.86653 0.26097146 
95.022873 0.86652237 0.26096383 
95.243469 0.86651379 0.26095641 
95.464058 0.86650437 0.26094913 
95.684654 0.866494 0.26094204 
95.925194 0.86648172 0.26093447 
96.165733 0.86646837 0.26092711 
96.406273 0.86645401 0.26091996 
96.646805 0.86643857 0.26091298 
96.918694 0.86641991 0.2609053 
97.190582 0.86639994 0.26089787 
97.462463 0.86637866 0.26089066 
97.734352 0.86635602 0.26088366 
97.97271 0.86633515 0.26087773 
98.21106 0.86631322 0.26087195 
98.449417 0.86629033 0.26086631 
98.687775 0.86626643 0.26086086 
98.912575 0.866243 0.26085585 
99.137375 0.86621863 0.26085097 
99.362175 0.86619341 0.26084626 
99.586975 0.86616731 0.26084164 
99.804176 0.86614126 0.26083732 
100.02137 0.86611432 0.26083311 
100.23857 0.8660866 0.26082903 
100.45577 0.86605805 0.26082507 
100.66768 0.86602938 0.26082131 
100.87959 0.86599988 0.26081765 
101.09149 0.86596966 0.2608141 
101.3034 0.8659386 0.26081067 
101.51125 0.86590737 0.26080739 
101.7191 0.86587536 0.26080424 
101.92696 0.86584258 0.26080117 
102.13481 0.86580902 0.26079819 
102.33941 0.86577523 0.26079533 
102.54401 0.86574066 0.26079258 
102.74861 0.86570537 0.26078993 
102.95321 0.86566931 0.26078737 
103.15511 0.86563295 0.26078492 
103.357 0.86559588 0.26078254 
103.5589 0.86555803 0.26078027 
103.7608 0.8655194 0.26077807 
103.96042 0.86548048 0.26077598 
104.16004 0.86544079 0.26077396 
104.35966 0.86540037 0.26077202 
104.55929 0.86535919 0.26077017 
104.75702 0.8653177 0.26076841 
104.95475 0.86527538 0.26076671 
105.15248 0.86523235 0.26076511 
105.35021 0.86518854 0.26076356 
105.54643 0.86514431 0.2607621 
105.74265 0.86509931 0.26076072 
105.93886 0.86505353 0.26075938 
106.13507 0.86500704 0.26075813 
106.33018 0.86496001 0.26075697 
106.5253 0.86491215 0.26075587 
106.72041 0.86486357 0.26075482 
106.91553 0.86481422 0.26075384 
107.11009 0.86476415 0.26075295 
107.30465 0.86471331 0.26075211 
107.49921 0.86466169 0.26075134 
107.69376 0.86460924 0.26075062 
107.88873 0.8645559 0.26074997 
108.08369 0.86450166 0.26074937 
108.27865 0.86444658 0.26074883 
108.47361 0.86439073 0.26074839 
108.67121 0.86433321 0.26074797 
108.86881 0.8642748 0.26074764 
109.06641 0.86421549 0.26074737 
109.26402 0.86415523 0.26074713 
109.46573 0.86409283 0.26074699 
109.66744 0.86402947 0.2607469 
109.86916 0.86396509 0.26074687 
110.07087 0.86389977 0.26074693 
110.26823 0.86383486 0.26074702 
110.46561 0.86376899 0.26074716 
110.66298 0.86370212 0.2607474 
110.86035 0.86363429 0.26074767 
111.04381 0.86357027 0.26074797 
111.22727 0.86350542 0.26074836 
111.41074 0.86343974 0.26074877 
111.59419 0.8633731 0.26074925 
111.76958 0.86330855 0.26074973 
111.94498 0.8632431 0.26075026 
112.12036 0.86317688 0.26075086 
112.29575 0.86310977 0.26075152 
112.4649 0.8630442 0.26075217 
112.63406 0.86297786 0.26075286 
112.80322 0.86291063 0.2607536 
112.97237 0.86284262 0.26075441 
113.13626 0.86277586 0.26075521 
113.30015 0.86270833 0.26075605 
113.46404 0.86263996 0.26075694 
113.62794 0.86257076 0.26075786 
113.78716 0.86250275 0.26075882 
113.94639 0.86243391 0.2607598 
114.10561 0.86236429 0.26076081 
114.26484 0.86229378 0.26076189 
114.41982 0.86222446 0.26076293 
114.57479 0.86215425 0.26076403 
114.72977 0.86208326 0.26076519 
114.88475 0.86201149 0.26076636 
115.03584 0.86194068 0.26076755 
115.18693 0.8618691 0.26076877 
115.33801 0.86179674 0.26077002 
115.4891 0.86172354 0.2607713 
115.63654 0.8616513 0.26077259 
115.78399 0.86157829 0.26077393 
115.93143 0.86150444 0.26077527 
116.07888 0.86142981 0.26077667 
116.22288 0.86135614 0.26077807 
116.36688 0.86128163 0.2607795 
116.51088 0.86120635 0.26078096 
116.65488 0.86113024 0.26078245 
116.79561 0.86105508 0.26078394 
116.93633 0.86097908 0.26078546 
117.07706 0.86090231 0.26078701 
117.2178 0.8608247 0.26078862 
117.35541 0.86074799 0.2607902 
117.49303 0.86067051 0.26079181 
117.63065 0.86059219 0.26079345 
117.76826 0.86051309 0.26079512 
117.90289 0.86043483 0.26079679 
118.03751 0.86035585 0.26079851 
118.17214 0.86027598 0.26080024 
118.30677 0.86019534 0.260802 
118.43854 0.86011559 0.26080376 
118.5703 0.860035 0.26080555 
118.70207 0.85995358 0.26080734 
118.83384 0.85987133 0.26080918 
118.96284 0.85979003 0.26081103 
119.09185 0.85970789 0.26081288 
119.22086 0.85962492 0.26081479 
119.34987 0.85954112 0.26081669 
119.4762 0.85945821 0.2608186 
119.60253 0.85937446 0.26082057 
119.72887 0.85928994 0.26082253 
119.8552 0.85920453 0.26082453 
119.97895 0.85912001 0.2608265 
120.1027 0.85903472 0.26082852 
120.22645 0.85894853 0.26083055 
120.3502 0.85886151 0.26083264 
120.47145 0.85877544 0.26083469 
120.5927 0.85868847 0.26083678 
120.71396 0.85860074 0.2608389 
120.83521 0.85851204 0.26084101 
120.95403 0.85842437 0.26084316 
121.07284 0.85833579 0.2608453 
121.19166 0.85824639 0.26084748 
121.31047 0.85815609 0.26084968 
121.42694 0.85806674 0.26085189 
121.5434 0.85797656 0.2608541 
121.65987 0.85788548 0.26085636 
121.77634 0.85779351 0.26085863 
121.89051 0.85770249 0.26086089 
122.00468 0.85761064 0.26086318 
122.11886 0.8575179 0.26086548 
122.23303 0.85742426 0.26086783 
122.34497 0.85733163 0.26087016 
122.45691 0.85723811 0.26087248 
122.56885 0.8571437 0.26087487 
122.68079 0.85704833 0.26087728 
122.79055 0.85695404 0.26087967 
122.90031 0.85685879 0.26088205 
123.01009 0.85676265 0.26088449 
123.11985 0.85666567 0.26088697 
123.22751 0.85656959 0.26088941 
123.33517 0.85647267 0.26089188 
123.44283 0.8563748 0.26089436 
123.55048 0.85627609 0.26089689 
123.65608 0.85617828 0.26089939 
123.76168 0.85607964 0.26090193 
123.86728 0.8559801 0.26090449 
123.97288 0.85587955 0.26090705 
124.07646 0.85578007 0.26090962 
124.18004 0.85567969 0.26091221 
124.28362 0.85557836 0.26091483 
124.3872 0.85547614 0.26091745 
124.48882 0.85537487 0.26092008 
124.59044 0.85527271 0.26092273 
124.69205 0.85516965 0.26092538 
124.79367 0.85506564 0.26092809 
124.89338 0.85496265 0.26093078 
124.99309 0.8548587 0.26093346 
125.0928 0.85475385 0.2609362 
125.19251 0.85464799 0.26093894 
125.29035 0.85454321 0.26094165 
125.38819 0.85443747 0.26094443 
125.48603 0.85433084 0.2609472 
125.58387 0.85422319 0.26095 
125.67989 0.85411662 0.2609528 
125.77591 0.85400903 0.2609556 
125.87193 0.85390055 0.26095843 
125.96796 0.85379106 0.26096129 
126.06219 0.85368264 0.26096413 
126.15644 0.85357326 0.26096699 
126.25068 0.85346293 0.26096988 
126.34492 0.85335159 0.2609728 
126.43742 0.85324138 0.26097569 
126.52991 0.85313016 0.26097861 
126.62241 0.85301799 0.26098156 
126.7149 0.85290474 0.26098451 
126.80569 0.85279268 0.26098746 
126.89649 0.85267961 0.26099044 
126.98729 0.85256553 0.26099342 
127.07809 0.85245043 0.26099643 
127.16723 0.85233641 0.26099944 
127.25636 0.85222143 0.26100245 
127.3455 0.8521055 0.26100549 
127.43464 0.85198849 0.26100859 
127.52216 0.85187262 0.26101163 
127.60967 0.85175568 0.2610147 
127.69719 0.85163778 0.2610178 
127.78471 0.85151887 0.26102093 
127.87064 0.85140109 0.26102403 
127.95657 0.85128224 0.26102713 
128.0425 0.85116237 0.26103029 
128.12843 0.8510415 0.26103348 
128.21281 0.85092175 0.2610366 
128.2972 0.85080099 0.26103979 
128.38158 0.85067916 0.26104298 
128.46596 0.85055631 0.2610462 
128.54883 0.8504346 0.26104942 
128.63168 0.85031188 0.26105264 
128.71455 0.85018808 0.26105589 
128.79742 0.8500632 0.26105917 
128.8788 0.84993953 0.26106241 
128.96019 0.84981477 0.26106569 
129.04158 0.84968895 0.261069 
129.12296 0.84956205 0.26107234 
129.2029 0.84943634 0.26107562 
129.28282 0.84930962 0.26107895 
129.36276 0.84918177 0.26108229 
129.44269 0.84905285 0.26108569 
129.52121 0.84892511 0.26108903 
129.59972 0.84879631 0.26109239 
129.67824 0.84866643 0.26109582 
129.75676 0.84853542 0.26109925 
129.83388 0.84840566 0.26110265 
129.91101 0.84827477 0.26110607 
129.98813 0.8481428 0.26110953 
130.06526 0.84800971 0.26111299 
130.14104 0.84787786 0.26111645 
130.21681 0.84774488 0.26111993 
130.29259 0.84761083 0.26112342 
130.36836 0.84747565 0.26112697 
130.44281 0.84734166 0.26113045 
130.51726 0.84720659 0.261134 
130.59171 0.8470704 0.26113755 
130.66615 0.84693301 0.26114112 
130.73932 0.84679693 0.26114467 
130.81247 0.84665972 0.26114824 
130.88562 0.84652138 0.26115185 
130.95877 0.84638184 0.26115549 
131.03065 0.84624356 0.26115909 
131.10254 0.8461042 0.2611627 
131.17442 0.84596366 0.26116636 
131.24631 0.84582198 0.26117006 
131.31694 0.84568155 0.2611737 
131.38759 0.84553999 0.26117736 
131.45822 0.84539723 0.26118109 
131.52887 0.84525329 0.26118481 
131.5983 0.84511065 0.26118851 
131.66772 0.84496683 0.26119223 
131.73715 0.84482187 0.26119599 
131.80659 0.84467566 0.26119977 
131.87483 0.84453082 0.26120353 
131.94307 0.84438479 0.26120731 
132.01131 0.84423751 0.26121113 
132.07954 0.84408909 0.26121494 
132.14662 0.84394193 0.26121876 
132.2137 0.84379363 0.26122257 
132.28076 0.84364414 0.26122645 
132.34784 0.84349334 0.26123032 
132.41377 0.84334397 0.26123416 
132.47971 0.84319335 0.26123807 
132.54564 0.84304148 0.26124197 
132.61159 0.84288841 0.26124591 
132.67641 0.84273666 0.26124981 
132.74123 0.84258372 0.26125374 
132.80605 0.84242952 0.26125768 
132.87088 0.84227407 0.26126167 
132.9346 0.84211999 0.26126564 
132.99834 0.84196472 0.26126963 
133.06207 0.84180814 0.26127362 
133.12581 0.84165031 0.26127768 
133.18848 0.84149384 0.26128167 
133.25113 0.84133613 0.26128569 
133.3138 0.84117717 0.26128978 
133.37646 0.84101695 0.26129386 
133.43808 0.8408581 0.26129791 
133.49971 0.84069794 0.26130199 
133.56133 0.84053653 0.26130611 
133.62294 0.84037381 0.26131028 
133.68355 0.84021252 0.26131436 
133.74416 0.84004992 0.2613185 
133.80475 0.83988607 0.26132268 
133.86536 0.83972085 0.26132688 
133.92496 0.83955705 0.26133105 
133.98456 0.83939201 0.26133522 
134.04416 0.83922565 0.26133946 
134.10374 0.83905792 0.26134369 
134.16237 0.83889163 0.26134792 
134.22098 0.83872408 0.26135215 
134.2796 0.83855516 0.26135644 
134.33821 0.83838493 0.26136073 
134.39587 0.83821607 0.261365 
134.45354 0.83804595 0.26136929 
134.5112 0.83787447 0.26137364 
134.56886 0.83770162 0.26137799 
134.62558 0.83753026 0.26138231 
134.6823 0.83735752 0.26138666 
134.73901 0.83718348 0.26139104 
134.79575 0.837008 0.26139545 
134.85155 0.83683401 0.26139984 
134.90735 0.83665866 0.26140422 
134.96317 0.83648193 0.26140866 
135.01897 0.83630377 0.26141313 
135.07387 0.83612716 0.26141757 
135.12877 0.83594918 0.26142204 
135.18369 0.83576977 0.26142651 
135.23859 0.83558893 0.26143104 
135.29262 0.83540964 0.26143551 
135.34663 0.83522892 0.26144004 
135.40067 0.83504683 0.2614446 
135.45468 0.83486331 0.26144916 
135.50784 0.83468127 0.26145372 
135.561 0.83449787 0.26145828 
135.61417 0.83431304 0.26146287 
135.66733 0.83412671 0.26146752 
135.71965 0.83394194 0.26147211 
135.77197 0.83375573 0.26147673 
135.8243 0.8335681 0.2614814 
135.8766 0.83337897 0.26148608 
135.9281 0.83319139 0.26149073 
135.9796 0.83300239 0.26149544 
136.0311 0.83281189 0.26150015 
136.0826 0.83261991 0.26150489 
136.13327 0.83242953 0.2615096 
136.18396 0.83223772 0.26151434 
136.23463 0.83204436 0.26151913 
136.28531 0.83184958 0.26152393 
136.33521 0.83165634 0.2615287 
136.38509 0.83146161 0.2615335 
136.43498 0.83126533 0.26153833 
136.48488 0.83106762 0.26154321 
136.534 0.8308714 0.26154804 
136.58311 0.83067375 0.2615529 
136.63222 0.83047456 0.26155779 
136.68134 0.83027381 0.26156271 
136.72971 0.83007467 0.26156759 
136.77806 0.82987404 0.26157251 
136.82642 0.82967186 0.26157749 
136.87477 0.82946813 0.26158246 
136.92239 0.82926595 0.26158741 
136.97002 0.82906222 0.26159239 
137.01764 0.828857 0.26159739 
137.06526 0.82865018 0.26160246 
137.11215 0.82844502 0.26160747 
137.15904 0.82823825 0.2616125 
137.20593 0.82802993 0.26161757 
137.25282 0.82782006 0.2616227 
137.299 0.82761174 0.26162776 
137.34517 0.82740194 0.26163286 
137.39134 0.82719046 0.26163802 
137.43753 0.82697743 0.26164317 
137.483 0.82676601 0.26164833 
137.52849 0.82655299 0.26165348 
137.57397 0.82633835 0.2616587 
137.61945 0.82612211 0.26166391 
137.66425 0.82590753 0.26166913 
137.70906 0.82569128 0.26167434 
137.75386 0.82547343 0.26167962 
137.79866 0.8252539 0.26168492 
137.84279 0.82503605 0.26169017 
137.88692 0.82481658 0.26169547 
137.93105 0.82459545 0.26170081 
137.97519 0.82437265 0.26170617 
138.01866 0.82415152 0.26171151 
138.06213 0.82392871 0.26171687 
138.10562 0.82370424 0.26172227 
138.14909 0.8234781 0.26172772 
138.19194 0.82325363 0.26173311 
138.23477 0.82302743 0.26173854 
138.27762 0.82279956 0.26174399 
138.32047 0.82257003 0.26174951 
138.36267 0.82234216 0.26175496 
138.40488 0.82211256 0.26176047 
138.4471 0.82188129 0.26176599 
138.4893 0.8216483 0.26177156 
138.53091 0.82141691 0.2617771 
138.57251 0.82118386 0.26178268 
138.61412 0.82094902 0.26178828 
138.65573 0.82071245 0.26179391 
138.69673 0.8204776 0.26179951 
138.73773 0.82024097 0.26180515 
138.77873 0.82000262 0.26181084 
138.81975 0.81976247 0.26181656 
138.86017 0.81952405 0.26182222 
138.90057 0.81928384 0.26182795 
138.94099 0.81904185 0.2618337 
138.98141 0.81879812 0.26183948 
139.02126 0.81855601 0.26184523 
139.0611 0.81831217 0.26185101 
139.10095 0.81806648 0.26185682 
139.14079 0.817819 0.2618627 
139.18007 0.81757319 0.26186851 
139.21936 0.81732559 0.26187438 
139.25865 0.81707621 0.26188025 
139.29793 0.81682497 0.26188621 
139.33667 0.81657535 0.26189208 
139.37541 0.816324 0.26189804 
139.41414 0.81607074 0.261904 
139.45288 0.81581563 0.26191002 
139.49109 0.81556219 0.26191598 
139.52928 0.81530696 0.261922 
139.56749 0.81504983 0.26192805 
139.60568 0.81479079 0.26193416 
139.64336 0.81453347 0.26194021 
139.68103 0.81427431 0.26194629 
139.71872 0.81401324 0.26195243 
139.75639 0.81375027 0.2619586 
139.79355 0.81348896 0.26196474 
139.83072 0.81322575 0.26197091 
139.86787 0.81296062 0.26197711 
139.90504 0.8126936 0.26198336 
139.94171 0.81242818 0.26198959 
139.97838 0.81216091 0.26199585 
140.01503 0.81189167 0.26200214 
140.0517 0.81162047 0.26200849 
140.08788 0.81135088 0.26201478 
140.12405 0.81107938 0.26202112 
140.16023 0.81080592 0.2620275 
140.19641 0.81053048 0.26203394 
140.23212 0.81025678 0.26204032 
140.26781 0.80998105 0.26204675 
140.3035 0.80970335 0.26205322 
140.33919 0.80942363 0.26205972 
140.37442 0.80914557 0.26206619 
140.40967 0.80886543 0.26207271 
140.4449 0.80858332 0.26207927 
140.48013 0.80829918 0.26208588 
140.51491 0.80801672 0.26209244 
140.54968 0.80773216 0.26209906 
140.58446 0.80744559 0.2621057 
140.61923 0.80715698 0.26211241 
140.65356 0.80686998 0.26211905 
140.6879 0.8065809 0.26212576 
140.72223 0.80628979 0.2621325 
140.75656 0.80599654 0.26213929 
140.79047 0.80570495 0.26214603 
140.82436 0.80541128 0.26215285 
140.85826 0.80511546 0.26215968 
140.89215 0.80481756 0.26216656 
140.92564 0.8045212 0.26217341 
140.95912 0.80422276 0.2621803 
140.9926 0.80392212 0.26218724 
141.02608 0.80361938 0.26219425 
141.05914 0.8033182 0.26220119 
141.09221 0.80301493 0.26220819 
141.12529 0.80270946 0.26221523 
141.15836 0.80240178 0.26222232 
141.19102 0.80209565 0.26222938 
141.22369 0.80178738 0.26223648 
141.25636 0.8014769 0.26224363 
141.28903 0.80116415 0.26225081 
141.3213 0.80085295 0.26225796 
141.35358 0.80053961 0.26226518 
141.38586 0.80022395 0.26227245 
141.41814 0.79990608 0.26227975 
