0 0.37694183 0.33256608 
0.0074613327 0.37661719 0.33266488 
0.014922665 0.37629285 0.33276397 
0.022383997 0.37596875 0.33286342 
0.029845331 0.37564498 0.33296317 
0.037235565 0.37532455 0.33306229 
0.0446258 0.37500444 0.33316171 
0.052016031 0.3746846 0.33326146 
0.059406266 0.37436503 0.33336154 
0.066735171 0.37404844 0.33346111 
0.074064076 0.37373212 0.33356097 
0.081392981 0.3734161 0.33366114 
0.088721886 0.37310037 0.33376163 
0.09599901 0.37278718 0.33386171 
0.10327614 0.37247428 0.33396211 
0.11055327 0.37216169 0.33406281 
0.1178304 0.37184939 0.33416384 
0.12505968 0.37153944 0.33426449 
0.13228896 0.3712298 0.33436546 
0.13951826 0.37092045 0.33446673 
0.14674754 0.37061143 0.33456829 
0.15393724 0.37030441 0.33466962 
0.16112693 0.36999768 0.33477125 
0.16831663 0.36969128 0.33487317 
0.17550632 0.36938521 0.33497542 
0.18266651 0.36908069 0.33507752 
0.18982671 0.36877647 0.33517995 
0.1969869 0.36847261 0.33528265 
0.2041471 0.36816904 0.33538568 
0.21128169 0.36786687 0.33548865 
0.21841627 0.36756504 0.33559188 
0.22555086 0.36726353 0.33569545 
0.23268546 0.36696237 0.33579928 
0.23979352 0.36666262 0.33590305 
0.2469016 0.36636323 0.33600712 
0.25400966 0.36606419 0.33611149 
0.26111776 0.36576545 0.33621615 
0.26821503 0.36546752 0.33632094 
0.2753123 0.36516991 0.33642605 
0.28240958 0.36487266 0.33653143 
0.28950685 0.36457574 0.33663714 
0.29659665 0.36427951 0.33674303 
0.30368644 0.3639836 0.33684921 
0.31077623 0.36368805 0.33695567 
0.31786603 0.36339286 0.33706245 
0.32495239 0.36309814 0.33716947 
0.33203873 0.36280382 0.33727679 
0.33912507 0.36250985 0.3373844 
0.34621143 0.36221623 0.33749232 
0.35329986 0.36192289 0.33760056 
0.36038831 0.3616299 0.33770913 
0.36747673 0.3613373 0.33781797 
0.37456515 0.36104509 0.3379271 
0.38166445 0.36075279 0.33803672 
0.38876376 0.36046088 0.33814663 
0.39586306 0.36016932 0.33825684 
0.40296236 0.35987818 0.33836734 
0.41007489 0.35958686 0.33847836 
0.41718745 0.35929593 0.33858967 
0.42429999 0.35900542 0.33870128 
0.43141255 0.3587153 0.33881319 
0.43855289 0.35842443 0.33892584 
0.44569322 0.35813397 0.33903879 
0.45283356 0.35784391 0.33915207 
0.4599739 0.35755426 0.33926561 
0.46714458 0.35726377 0.33937997 
0.47431529 0.35697374 0.33949465 
0.48148596 0.35668412 0.33960959 
0.48865664 0.35639489 0.33972487 
0.49586663 0.35610452 0.33984107 
0.50307661 0.35581461 0.33995759 
0.51028657 0.35552511 0.34007442 
0.51749659 0.35523605 0.34019154 
0.52475983 0.3549453 0.34030986 
0.53202313 0.354655 0.34042847 
0.53928638 0.35436514 0.34054741 
0.54654962 0.35407573 0.34066668 
0.55387831 0.35378417 0.34078732 
0.56120706 0.35349309 0.34090826 
0.56853575 0.35320249 0.34102955 
0.57586443 0.35291237 0.34115115 
0.58327132 0.35261962 0.34127435 
0.59067827 0.35232735 0.34139791 
0.59808517 0.35203558 0.34152177 
0.60549206 0.35174432 0.34164596 
0.6130017 0.35144952 0.3417722 
0.62051129 0.35115522 0.34189877 
0.62802094 0.35086143 0.34202567 
0.63553053 0.35056818 0.34215292 
0.64316994 0.35027039 0.34228268 
0.65080941 0.34997314 0.34241283 
0.65844882 0.34967643 0.34254327 
0.66608822 0.34938028 0.34267408 
0.67391557 0.3490774 0.34280849 
0.68174285 0.34877512 0.34294322 
0.68957019 0.34847343 0.34307832 
0.69739753 0.34817231 0.34321377 
0.70549881 0.34786129 0.34335434 
0.71360016 0.3475509 0.34349531 
0.72170144 0.34724113 0.34363666 
0.72980273 0.34693205 0.3437784 
0.73852563 0.34659994 0.34393144 
0.74724859 0.34626859 0.34408489 
0.75597149 0.34593803 0.34423882 
0.76469439 0.3456082 0.34439316 
0.77333057 0.34528241 0.34454644 
0.78196681 0.34495738 0.34470013 
0.79060298 0.3446331 0.34485424 
0.79923916 0.3443096 0.34500879 
0.80746692 0.3440021 0.34515643 
0.81569469 0.34369531 0.34530449 
0.82392246 0.34338924 0.3454529 
0.83215022 0.34308386 0.34560171 
0.84014392 0.34278783 0.34574667 
0.84813762 0.34249249 0.34589198 
0.85613132 0.34219784 0.34603766 
0.86412501 0.34190387 0.34618372 
0.87198704 0.34161538 0.34632772 
0.87984908 0.34132758 0.34647205 
0.88771111 0.34104043 0.34661677 
0.89557314 0.34075394 0.34676182 
0.9033491 0.34047127 0.34690562 
0.91112506 0.34018925 0.34704977 
0.91890109 0.33990788 0.34719425 
0.92667705 0.33962721 0.34733909 
0.93439609 0.33934921 0.34748322 
0.94211513 0.3390719 0.34762764 
0.94983417 0.33879524 0.34777242 
0.95755327 0.33851925 0.34791753 
0.96524417 0.33824494 0.34806246 
0.97293508 0.33797127 0.34820768 
0.98062605 0.33769828 0.34835327 
0.98831695 0.33742598 0.34849915 
0.99599308 0.33715484 0.34864512 
1.0036691 0.33688438 0.34879139 
1.0113453 0.33661461 0.34893799 
1.0190214 0.33634549 0.34908491 
1.0267011 0.33607695 0.34923223 
1.0343807 0.33580908 0.34937984 
1.0420604 0.3355419 0.34952781 
1.0497401 0.33527541 0.3496761 
1.0574427 0.3350088 0.34982514 
1.0651454 0.33474287 0.34997451 
1.0728481 0.33447766 0.35012421 
1.0805508 0.33421314 0.35027424 
1.0882916 0.33394802 0.3504253 
1.0960325 0.33368361 0.3505767 
1.1037734 0.33341989 0.35072842 
1.1115142 0.33315691 0.35088047 
1.1193103 0.33289278 0.35103393 
1.1271064 0.33262935 0.35118771 
1.1349026 0.33236665 0.35134181 
1.1426986 0.33210471 0.35149625 
1.1505718 0.3318409 0.35165253 
1.1584449 0.33157784 0.35180914 
1.1663179 0.33131555 0.35196605 
1.1741911 0.331054 0.35212332 
1.1821704 0.33078972 0.35228303 
1.1901497 0.33052617 0.35244307 
1.1981289 0.33026344 0.35260344 
1.2061082 0.33000147 0.35276413 
1.2142276 0.32973573 0.35292798 
1.2223469 0.32947078 0.35309219 
1.2304662 0.32920668 0.35325673 
1.2385856 0.32894334 0.3534216 
1.246904 0.32867444 0.35359088 
1.2552224 0.32840639 0.35376048 
1.2635409 0.32813919 0.35393044 
1.2718593 0.32787287 0.35410076 
1.2804826 0.32759768 0.3542777 
1.289106 0.32732347 0.35445502 
1.2977294 0.32705015 0.35463268 
1.3063527 0.32677779 0.35481074 
1.3155777 0.32648745 0.3550016 
1.3248026 0.32619819 0.3551929 
1.3340275 0.32591003 0.35538462 
1.3432524 0.32562295 0.35557675 
1.3532542 0.32531288 0.35578552 
1.3632561 0.32500413 0.35599479 
1.3732579 0.32469663 0.35620454 
1.3832597 0.32439044 0.35641477 
1.3923184 0.3241142 0.35660559 
1.4013771 0.32383904 0.3567968 
1.4104358 0.32356492 0.35698843 
1.4194945 0.32329184 0.35718042 
1.428009 0.32303613 0.35736123 
1.4365236 0.32278138 0.35754237 
1.445038 0.32252759 0.35772386 
1.4535525 0.32227468 0.35790569 
1.4617728 0.32203144 0.35808155 
1.4699932 0.32178906 0.35825771 
1.4782135 0.32154757 0.3584342 
1.4864339 0.32130694 0.35861099 
1.4944501 0.32107314 0.35878366 
1.5024664 0.32084018 0.35895666 
1.5104827 0.32060805 0.35912994 
1.518499 0.32037678 0.3593035 
1.5263618 0.32015073 0.359474 
1.5342246 0.31992549 0.3596448 
1.5420876 0.31970108 0.35981587 
1.5499504 0.31947744 0.3599872 
1.5576949 0.31925797 0.36015624 
1.5654396 0.31903929 0.36032552 
1.5731841 0.3188214 0.36049506 
1.5809287 0.31860429 0.36066487 
1.5885785 0.31839061 0.36083287 
1.5962281 0.3181777 0.3610011 
1.6038779 0.31796557 0.36116958 
1.6115277 0.31775418 0.36133832 
1.6191013 0.31754568 0.3615056 
1.626675 0.31733793 0.36167312 
1.6342486 0.31713092 0.3618409 
1.6418222 0.31692466 0.36200893 
1.6493295 0.31672096 0.3621757 
1.6568369 0.31651801 0.36234269 
1.6643442 0.31631577 0.36250994 
1.6718514 0.31611431 0.3626774 
1.6793072 0.31591493 0.36284393 
1.6867629 0.3157163 0.3630107 
1.6942188 0.31551841 0.36317769 
1.7016745 0.31532124 0.36334491 
1.7090871 0.31512594 0.36351138 
1.7164998 0.31493136 0.36367807 
1.7239125 0.3147375 0.36384496 
1.7313251 0.31454435 0.36401206 
1.7387048 0.31435281 0.36417866 
1.7460845 0.31416196 0.36434543 
1.7534641 0.31397182 0.36451244 
1.7608438 0.31378242 0.36467966 
1.7681953 0.31359443 0.36484644 
1.7755467 0.31340718 0.36501342 
1.7828981 0.31322062 0.36518058 
1.7902495 0.31303477 0.36534798 
1.7975792 0.31285018 0.36551508 
1.8049089 0.31266627 0.36568236 
1.8122386 0.3124831 0.36584985 
1.8195682 0.31230059 0.36601755 
1.8268813 0.31211925 0.36618504 
1.8341944 0.31193855 0.36635274 
1.8415076 0.31175861 0.36652061 
1.8488206 0.31157932 0.3666887 
1.8561244 0.31140098 0.36685675 
1.8634281 0.31122333 0.36702499 
1.8707318 0.31104639 0.36719343 
1.8780355 0.31087011 0.36736202 
1.8853317 0.31069475 0.36753067 
1.892628 0.31052005 0.36769947 
1.8999242 0.31034607 0.36786845 
1.9072204 0.31017274 0.36803764 
1.9145141 0.31000018 0.36820695 
1.9218079 0.30982834 0.3683764 
1.9291016 0.30965716 0.36854607 
1.9363953 0.30948666 0.36871588 
1.9436924 0.30931678 0.36888599 
1.9509896 0.3091476 0.36905622 
1.9582868 0.30897909 0.36922666 
1.9655838 0.30881131 0.36939728 
1.9728863 0.30864406 0.36956817 
1.9801888 0.30847749 0.36973926 
1.9874914 0.30831161 0.36991051 
1.9947939 0.30814642 0.3700819 
2.002105 0.30798173 0.37025368 
2.0094161 0.3078177 0.37042564 
2.0167272 0.30765438 0.37059775 
2.0240383 0.30749175 0.37077001 
2.0313647 0.30732945 0.37094283 
2.038691 0.30716783 0.37111577 
2.0460174 0.30700693 0.3712889 
2.0533435 0.30684668 0.37146217 
2.0606847 0.30668679 0.37163597 
2.0680256 0.30652758 0.3718099 
2.0753667 0.3063691 0.371984 
2.0827079 0.30621126 0.37215826 
2.0900705 0.30605364 0.3723332 
2.0974333 0.30589673 0.37250829 
2.1047962 0.30574051 0.37268353 
2.1121588 0.30558494 0.37285891 
2.1195419 0.30542964 0.37303492 
2.126925 0.30527502 0.37321112 
2.1343081 0.30512109 0.37338743 
2.1416912 0.30496785 0.37356389 
2.1491022 0.3048147 0.37374118 
2.1565132 0.30466226 0.37391862 
2.1639245 0.30451047 0.37409621 
2.1713355 0.30435941 0.37427393 
2.1787763 0.3042084 0.37445253 
2.1862171 0.30405807 0.37463126 
2.1936581 0.30390844 0.37481013 
2.2010989 0.30375952 0.37498912 
2.2085719 0.30361059 0.37516904 
2.2160449 0.30346239 0.3753491 
2.2235179 0.30331486 0.37552932 
2.2309909 0.30316803 0.37570965 
2.2384992 0.30302119 0.375891 
2.2460074 0.30287504 0.37607247 
2.253516 0.30272958 0.37625405 
2.2610242 0.30258483 0.37643579 
2.2685733 0.30243996 0.37661862 
2.2761221 0.3022958 0.37680161 
2.2836711 0.30215231 0.37698475 
2.2912202 0.30200952 0.37716797 
2.2988117 0.30186662 0.37735239 
2.3064032 0.30172443 0.37753692 
2.3139946 0.30158293 0.37772158 
2.3215861 0.30144212 0.37790635 
2.3292239 0.30130115 0.37809241 
2.3368618 0.30116087 0.37827858 
2.3444998 0.30102131 0.37846488 
2.3521378 0.3008824 0.37865129 
2.3598251 0.30074334 0.37883905 
2.3675127 0.30060494 0.37902692 
2.3752003 0.30046728 0.37921488 
2.3828876 0.30033028 0.379403 
2.3906291 0.30019304 0.37959254 
2.3983705 0.30005652 0.37978223 
2.406112 0.29992071 0.37997201 
2.4138534 0.29978558 0.38016191 
2.4216514 0.29965016 0.3803533 
2.4294496 0.29951549 0.38054481 
2.4372475 0.29938149 0.38073644 
2.4450455 0.29924822 0.38092819 
2.4529057 0.29911458 0.38112158 
2.4607656 0.2989817 0.38131505 
2.4686258 0.29884949 0.38150865 
2.476486 0.29871801 0.38170236 
2.484411 0.29858616 0.38189778 
2.492336 0.29845503 0.38209328 
2.5002611 0.29832461 0.3822889 
2.5081861 0.29819492 0.38248464 
2.5161831 0.29806477 0.38268226 
2.5241802 0.29793534 0.38287997 
2.5321772 0.29780662 0.3830778 
2.5401742 0.29767865 0.38327569 
2.5482469 0.2975502 0.3834756 
2.5563197 0.29742247 0.38367558 
2.5643923 0.29729545 0.38387567 
2.5724652 0.29716918 0.38407585 
2.5806162 0.29704243 0.38427809 
2.5887673 0.2969164 0.38448039 
2.5969186 0.29679111 0.3846828 
2.6050696 0.29666656 0.38488531 
2.613308 0.29654142 0.38509008 
2.6215463 0.29641703 0.38529494 
2.6297848 0.29629338 0.38549986 
2.6380231 0.29617047 0.3857049 
2.6463571 0.29604688 0.38591242 
2.654691 0.29592407 0.38611999 
2.6630249 0.295802 0.38632765 
2.6713588 0.29568067 0.38653544 
2.6797922 0.29555866 0.38674575 
2.6882255 0.29543743 0.38695613 
2.6966588 0.29531696 0.38716662 
2.7050922 0.29519722 0.38737717 
2.7136338 0.29507676 0.38759053 
2.7221754 0.29495704 0.38780394 
2.7307172 0.2948381 0.38801745 
2.7392588 0.29471993 0.38823101 
2.7479196 0.2946009 0.38844764 
2.7565806 0.29448265 0.38866436 
2.7652414 0.2943652 0.38888112 
2.7739022 0.29424852 0.38909796 
2.7826898 0.29413092 0.38931805 
2.7914772 0.29401413 0.3895382 
2.8002646 0.29389814 0.38975844 
2.809052 0.29378295 0.38997871 
2.8179815 0.29366669 0.39020261 
2.826911 0.29355127 0.39042661 
2.8358405 0.29343665 0.39065063 
2.84477 0.29332286 0.39087474 
2.8538604 0.29320782 0.39110294 
2.862951 0.29309362 0.3913312 
2.8720415 0.29298025 0.39155951 
2.8811321 0.29286772 0.39178786 
2.8903971 0.29275388 0.39202067 
2.8996618 0.29264086 0.39225352 
2.9089267 0.29252872 0.39248642 
2.9181917 0.29241744 0.39271939 
2.9276562 0.29230461 0.39295742 
2.9371207 0.29219267 0.39319548 
2.9465854 0.29208159 0.3934336 
2.9560499 0.29197142 0.39367175 
2.9657536 0.29185933 0.39391598 
2.9754572 0.29174817 0.39416021 
2.9851608 0.2916379 0.39440453 
2.9948645 0.29152855 0.39464885 
3.0048614 0.29141682 0.39490059 
3.0148585 0.29130605 0.39515239 
3.0248556 0.29119623 0.39540422 
3.0348525 0.29108733 0.39565605 
3.0452354 0.29097524 0.39591765 
3.0556183 0.29086417 0.39617926 
3.0660009 0.29075411 0.39644092 
3.0763838 0.29064503 0.39670259 
3.0873842 0.29053056 0.39697984 
3.0983844 0.29041722 0.39725709 
3.1093848 0.29030496 0.39753437 
3.1203852 0.29019383 0.39781165 
3.1324375 0.29007331 0.39811546 
3.1444895 0.28995413 0.39841929 
3.1565418 0.28983623 0.3987231 
3.1685941 0.28971964 0.39902693 
3.1800568 0.28960997 0.39931589 
3.1915197 0.28950146 0.39960483 
3.2029824 0.28939408 0.39989376 
3.2144454 0.28928789 0.40018266 
3.225457 0.28918695 0.40046021 
3.2364686 0.28908706 0.4007377 
3.2474804 0.28898823 0.40101519 
3.258492 0.28889045 0.40129265 
3.2693202 0.28879529 0.40156546 
3.2801487 0.28870115 0.40183824 
3.2909772 0.28860801 0.40211099 
3.3018057 0.28851587 0.40238371 
3.3125498 0.28842539 0.40265426 
3.3232939 0.28833592 0.40292478 
3.3340383 0.28824738 0.40319523 
3.3447824 0.28815982 0.40346566 
3.3554924 0.28807351 0.40373519 
3.3662024 0.28798813 0.40400463 
3.3769124 0.28790367 0.40427405 
3.3876226 0.28782016 0.4045434 
3.3983283 0.28773764 0.4048126 
3.4090343 0.28765601 0.40508172 
3.4197402 0.28757533 0.4053508 
3.4304461 0.28749558 0.4056198 
3.4411769 0.28741655 0.40588936 
3.4519076 0.28733844 0.40615883 
3.4626384 0.28726125 0.40642825 
3.4733691 0.28718495 0.4066976 
3.4841423 0.28710926 0.40696794 
3.4949155 0.28703448 0.40723819 
3.5056889 0.28696063 0.40750834 
3.5164621 0.28688765 0.40777841 
3.5272939 0.2868152 0.40804988 
3.538126 0.28674364 0.40832123 
3.5489578 0.28667298 0.40859252 
3.5597897 0.28660321 0.40886369 
3.570699 0.28653383 0.40913671 
3.5816083 0.28646538 0.40940961 
3.5925176 0.28639778 0.40968242 
3.6034267 0.28633109 0.40995511 
3.6144266 0.28626475 0.41022995 
3.6254265 0.28619933 0.4105047 
3.6364264 0.28613478 0.41077933 
3.6474264 0.28607109 0.41105384 
3.6585352 0.2860077 0.41133094 
3.6696444 0.28594521 0.41160792 
3.6807532 0.28588361 0.41188475 
3.6918623 0.2858229 0.41216147 
3.7030957 0.28576243 0.41244116 
3.7143292 0.28570282 0.41272071 
3.7255626 0.28564414 0.41300011 
3.7367961 0.28558636 0.41327935 
3.7481735 0.28552872 0.41356203 
3.7595506 0.28547201 0.41384456 
3.7709279 0.28541622 0.41412693 
3.782305 0.28536129 0.41440916 
3.7938442 0.28530651 0.41469523 
3.8053834 0.28525266 0.41498116 
3.8169227 0.28519973 0.41526687 
3.8284616 0.2851477 0.41555244 
3.8401885 0.28509575 0.41584247 
3.8519154 0.28504473 0.41613233 
3.8636422 0.28499463 0.41642198 
3.8753688 0.28494549 0.41671145 
3.8873148 0.28489634 0.41700613 
3.8992605 0.28484815 0.41730061 
3.9112065 0.28480092 0.41759491 
3.9231524 0.2847546 0.41788897 
3.9353566 0.28470826 0.4181892 
3.947561 0.2846629 0.41848919 
3.9597654 0.2846185 0.41878897 
3.9719698 0.28457507 0.41908854 
3.9844906 0.2845315 0.41939563 
3.9970117 0.28448898 0.41970244 
4.0095325 0.2844474 0.42000905 
4.0220532 0.28440684 0.42031538 
4.0349717 0.28436604 0.4206312 
4.0478902 0.28432629 0.42094672 
4.0608087 0.28428757 0.421262 
4.0737271 0.2842499 0.42157698 
4.087214 0.28421167 0.42190552 
4.1007013 0.28417459 0.42223373 
4.1141882 0.28413859 0.42256168 
4.1276751 0.28410372 0.42288926 
4.1422124 0.28406739 0.423242 
4.1567492 0.28403232 0.42359439 
4.1712866 0.28399855 0.42394638 
4.1858234 0.28396603 0.42429799 
4.2009206 0.28393358 0.42466271 
4.2160172 0.2839025 0.42502701 
4.2311144 0.28387275 0.4253909 
4.2462111 0.28384438 0.42575434 
4.2603645 0.28381896 0.42609465 
4.274518 0.28379473 0.42643461 
4.288672 0.28377163 0.42677414 
4.3028255 0.2837497 0.42711329 
4.3165245 0.28372958 0.42744118 
4.330224 0.28371054 0.42776871 
4.3439231 0.28369257 0.42809582 
4.3576226 0.28367564 0.42842257 
4.3710971 0.28366002 0.42874357 
4.3845716 0.28364545 0.42906418 
4.398046 0.28363189 0.42938441 
4.4115205 0.28361934 0.42970425 
4.4248943 0.28360787 0.43002135 
4.4382687 0.28359741 0.43033805 
4.4516425 0.28358793 0.43065435 
4.4650168 0.28357944 0.43097028 
4.4783769 0.28357193 0.43128547 
4.4917369 0.28356537 0.43160027 
4.5050964 0.28355983 0.43191466 
4.5184565 0.28355521 0.43222865 
4.5318809 0.28355157 0.43254375 
4.5453053 0.28354889 0.43285844 
4.5587296 0.28354716 0.4331727 
4.572154 0.28354642 0.43348655 
4.5857353 0.28354663 0.43380368 
4.5993171 0.28354785 0.43412033 
4.6128983 0.28354999 0.43443656 
4.6264801 0.28355315 0.43475237 
4.6403608 0.28355739 0.43507466 
4.6542411 0.2835626 0.43539649 
4.6681218 0.28356883 0.43571785 
4.6820025 0.28357607 0.43603876 
4.6965146 0.28358471 0.43637374 
4.7110271 0.28359443 0.43670821 
4.7255392 0.28360525 0.43704215 
4.7400517 0.28361714 0.43737558 
4.7553248 0.28363082 0.4377259 
4.7705984 0.28364572 0.43807563 
4.785872 0.28366178 0.4384248 
4.8011456 0.28367904 0.43877333 
4.8158584 0.2836968 0.43910852 
4.8305717 0.28371564 0.43944314 
4.8452845 0.28373557 0.4397772 
4.8599977 0.28375658 0.44011068 
4.8736997 0.28377715 0.44042075 
4.8874016 0.28379864 0.4407303 
4.9011035 0.28382108 0.44103935 
4.9148054 0.28384444 0.4413479 
4.9279795 0.28386781 0.44164407 
4.9411535 0.28389201 0.4419398 
4.9543271 0.2839171 0.44223502 
4.9675012 0.28394303 0.44252977 
4.9803047 0.28396904 0.44281578 
4.9931078 0.2839959 0.44310135 
5.0059114 0.28402355 0.44338644 
5.0187149 0.28405198 0.44367108 
5.0312243 0.28408056 0.44394875 
5.0437341 0.28410992 0.44422597 
5.0562434 0.28414005 0.44450274 
5.0687532 0.28417093 0.44477907 
5.0810142 0.28420195 0.44504946 
5.0932746 0.28423369 0.44531944 
5.1055355 0.28426617 0.44558898 
5.1177964 0.2842994 0.44585809 
5.1298442 0.28433275 0.44612208 
5.141892 0.28436682 0.44638565 
5.1539392 0.28440157 0.44664881 
5.165987 0.28443703 0.44691151 
5.1778488 0.28447264 0.44716978 
5.1897106 0.28450894 0.4474276 
5.2015724 0.28454593 0.44768503 
5.2134342 0.2845836 0.44794202 
5.2251272 0.28462139 0.44819492 
5.2368197 0.28465986 0.44844744 
5.2485127 0.28469899 0.44869953 
5.2602053 0.28473878 0.44895121 
5.2717433 0.28477868 0.44919914 
5.2832813 0.28481922 0.44944668 
5.2948194 0.28486043 0.4496938 
5.3063574 0.28490227 0.4499405 
5.3177528 0.28494424 0.45018378 
5.3291483 0.28498682 0.45042664 
5.3405437 0.28503004 0.45066908 
5.3519392 0.28507388 0.45091113 
5.3632035 0.28511783 0.45115003 
5.3744683 0.28516242 0.45138848 
5.3857327 0.2852076 0.45162657 
5.3969975 0.28525341 0.45186424 
5.4081388 0.28529933 0.45209891 
5.4192801 0.28534585 0.45233318 
5.4304214 0.28539297 0.45256707 
5.4415631 0.28544068 0.45280057 
5.4525876 0.28548852 0.45303121 
5.4636126 0.28553692 0.45326146 
5.4746375 0.28558591 0.45349133 
5.4856625 0.2856355 0.45372081 
5.4965768 0.28568518 0.4539476 
5.5074906 0.28573546 0.45417398 
5.518405 0.2857863 0.45439997 
5.5293193 0.28583771 0.45462558 
5.5401282 0.28588924 0.45484865 
5.5509377 0.2859413 0.4550713 
5.5617466 0.28599396 0.45529357 
5.5725555 0.28604719 0.45551544 
5.5832648 0.28610048 0.45573491 
5.5939741 0.28615436 0.45595399 
5.6046839 0.28620878 0.45617267 
5.6153932 0.28626376 0.45639095 
5.6260056 0.28631884 0.45660689 
5.6366186 0.28637445 0.45682248 
5.6472311 0.28643063 0.45703766 
5.6578441 0.28648734 0.45725244 
5.6683636 0.28654414 0.45746499 
5.6788831 0.28660148 0.45767716 
5.6894026 0.28665936 0.4578889 
5.6999221 0.2867178 0.45810032 
5.7103524 0.28677627 0.45830953 
5.7207823 0.28683531 0.45851836 
5.7312121 0.28689489 0.45872682 
5.741642 0.28695503 0.4589349 
5.7519875 0.2870152 0.45914093 
5.7623329 0.28707594 0.45934656 
5.7726784 0.28713718 0.45955181 
5.7830238 0.28719899 0.4597567 
5.7932835 0.2872608 0.45995954 
5.8035431 0.28732318 0.46016198 
5.8138027 0.28738606 0.46036404 
5.8240623 0.28744951 0.46056575 
5.8342414 0.28751296 0.46076548 
5.84442 0.28757697 0.46096486 
5.854599 0.2876415 0.46116385 
5.8647776 0.28770655 0.46136245 
5.8748784 0.28777164 0.46155918 
5.8849788 0.28783727 0.46175551 
5.8950796 0.28790343 0.46195152 
5.90518 0.2879701 0.46214712 
5.9152045 0.28803679 0.46234089 
5.9252295 0.28810403 0.46253431 
5.9352541 0.28817177 0.46272734 
5.9452786 0.28824005 0.46292001 
5.9552274 0.28830832 0.46311083 
5.9651761 0.28837714 0.4633013 
5.9751248 0.28844646 0.46349141 
5.9850736 0.28851631 0.46368116 
5.9949484 0.28858617 0.46386912 
6.0048232 0.28865656 0.46405673 
6.0146985 0.28872746 0.46424398 
6.0245733 0.28879887 0.46443084 
6.0343795 0.2888703 0.46461606 
6.0441861 0.28894228 0.46480089 
6.0539923 0.28901476 0.46498537 
6.0637984 0.28908774 0.46516949 
6.073534 0.28916073 0.46535194 
6.0832701 0.28923425 0.465534 
6.0930057 0.28930828 0.46571571 
6.1027417 0.28938282 0.46589705 
6.1124091 0.28945735 0.46607676 
6.1220765 0.28953242 0.46625611 
6.1317439 0.289608 0.4664351 
6.1414113 0.28968409 0.46661374 
6.1510153 0.28976017 0.46679085 
6.1606188 0.28983679 0.46696758 
6.1702228 0.28991395 0.46714395 
6.1798263 0.28999159 0.46731997 
6.1893649 0.29006925 0.46749443 
6.1989031 0.29014739 0.46766853 
6.2084417 0.29022607 0.46784228 
6.2179799 0.29030526 0.46801567 
6.2274566 0.29038447 0.46818757 
6.2369332 0.29046416 0.46835911 
6.2464094 0.29054439 0.4685303 
6.2558861 0.29062515 0.46870112 
6.2653031 0.29070589 0.46887052 
6.2747202 0.29078716 0.46903956 
6.2841372 0.29086897 0.46920827 
6.2935538 0.29095128 0.46937659 
6.3029103 0.29103357 0.46954349 
6.3122668 0.29111639 0.46971002 
6.3216233 0.29119971 0.46987623 
6.3309798 0.29128358 0.47004205 
6.3402801 0.29136744 0.47020653 
6.3495803 0.29145181 0.47037065 
6.35888 0.29153672 0.47053441 
6.3681803 0.29162213 0.47069785 
6.3774252 0.29170758 0.47085994 
6.3866696 0.29179353 0.47102168 
6.3959146 0.29188001 0.47118306 
6.4051595 0.291967 0.47134408 
6.4143505 0.29205403 0.47150382 
6.4235415 0.29214159 0.47166321 
6.4327331 0.29222965 0.47182226 
6.4419241 0.29231822 0.47198093 
6.4510622 0.29240683 0.47213838 
6.4602008 0.29249597 0.47229543 
6.4693394 0.29258561 0.47245213 
6.4784775 0.29267579 0.47260851 
6.4875646 0.292766 0.47276366 
6.4966516 0.29285675 0.47291842 
6.5057387 0.29294801 0.47307286 
6.5148253 0.2930398 0.47322693 
6.5238667 0.29313165 0.47337988 
6.532908 0.29322404 0.4735325 
6.5419488 0.29331696 0.47368473 
6.5509901 0.29341042 0.47383663 
6.5599833 0.29350391 0.47398737 
6.5689769 0.29359794 0.47413778 
6.57797 0.2936925 0.47428781 
6.5869637 0.2937876 0.47443751 
6.5959105 0.29388276 0.47458607 
6.6048579 0.29397845 0.47473428 
6.6138048 0.29407468 0.47488216 
6.6227522 0.29417145 0.47502968 
6.6316605 0.29426834 0.47517619 
6.6405683 0.29436576 0.47532237 
6.6494765 0.29446375 0.47546819 
6.6583848 0.29456228 0.47561365 
6.6672535 0.29466093 0.47575814 
6.6761222 0.29476011 0.47590226 
6.6849909 0.29485983 0.47604603 
6.6938596 0.29496011 0.47618943 
6.7026887 0.29506052 0.47633186 
6.7115173 0.29516146 0.47647393 
6.7203465 0.29526293 0.47661567 
6.7291756 0.29536501 0.47675702 
6.7379708 0.29546723 0.47689751 
6.7467661 0.29556999 0.47703761 
6.7555614 0.29567334 0.47717738 
6.7643566 0.29577723 0.4773168 
6.7731199 0.29588133 0.47745538 
6.7818828 0.295986 0.47759357 
6.7906461 0.2960912 0.47773141 
6.7994094 0.296197 0.47786891 
6.8081431 0.296303 0.47800559 
6.8168764 0.29640958 0.4781419 
6.8256102 0.29651675 0.47827786 
6.8343439 0.29662448 0.47841349 
6.8430533 0.29673249 0.47854838 
6.8517632 0.29684108 0.47868291 
6.8604727 0.29695025 0.47881708 
6.8691826 0.29706001 0.47895089 
6.8778715 0.2971701 0.47908404 
6.8865604 0.29728079 0.47921681 
6.8952494 0.29739207 0.47934923 
6.9039383 0.29750395 0.47948131 
6.9126058 0.29761612 0.47961268 
6.9212732 0.29772893 0.47974369 
6.9299412 0.29784229 0.47987437 
6.9386086 0.29795629 0.48000467 
6.9472628 0.2980707 0.4801344 
6.9559164 0.29818574 0.48026377 
6.9645705 0.29830137 0.48039278 
6.9732246 0.29841763 0.48052144 
6.9818716 0.29853442 0.48064962 
6.990519 0.29865181 0.48077741 
6.999166 0.29876983 0.48090488 
7.007813 0.2988885 0.48103195 
7.0164552 0.29900771 0.48115858 
7.0250974 0.29912755 0.48128486 
7.0337396 0.29924804 0.48141077 
7.0423818 0.29936916 0.4815363 
7.0510283 0.29949099 0.48166153 
7.0596747 0.29961345 0.48178637 
7.0683212 0.29973659 0.48191085 
7.0769677 0.29986036 0.48203498 
7.0856247 0.29998493 0.48215884 
7.0942817 0.30011019 0.48228234 
7.1029387 0.30023611 0.48240545 
7.1115956 0.30036271 0.48252821 
7.1202688 0.3004902 0.48265082 
7.128942 0.30061838 0.48277301 
7.1376152 0.30074722 0.48289484 
7.1462884 0.30087677 0.48301628 
7.1549892 0.30100745 0.48313773 
7.1636901 0.30113879 0.48325875 
7.1723909 0.30127084 0.48337942 
7.1810918 0.30140361 0.48349971 
7.1898355 0.30153775 0.48362017 
7.1985788 0.30167261 0.48374021 
7.2073226 0.30180821 0.4838599 
7.2160659 0.30194452 0.48397917 
7.2248664 0.30208245 0.48409879 
7.2336664 0.30222115 0.484218 
7.2424664 0.30236059 0.48433682 
7.2512665 0.30250078 0.48445523 
7.2601399 0.30264294 0.4845742 
7.2690129 0.30278584 0.48469275 
7.2778864 0.30292955 0.48481089 
7.2867594 0.30307403 0.48492861 
7.295732 0.30322096 0.48504722 
7.3047047 0.30336869 0.48516539 
7.3136773 0.30351722 0.48528314 
7.32265 0.30366662 0.48540044 
7.3317547 0.30381903 0.48551902 
7.3408589 0.3039723 0.48563716 
7.3499637 0.30412647 0.48575482 
7.3590679 0.30428147 0.48587206 
7.3683524 0.30444047 0.48599112 
7.3776369 0.30460039 0.4861097 
7.3869214 0.3047612 0.48622784 
7.3962064 0.30492297 0.48634547 
7.4057527 0.30509028 0.48646593 
7.4152989 0.30525857 0.48658589 
7.4248452 0.30542785 0.48670533 
7.4343915 0.30559817 0.48682427 
7.4443436 0.30577677 0.48694772 
7.4542952 0.30595651 0.48707059 
7.4642472 0.30613735 0.4871929 
7.4741988 0.30631933 0.48731467 
7.4849162 0.30651656 0.48744515 
7.4956336 0.30671513 0.48757496 
7.506351 0.30691504 0.48770416 
7.5170684 0.3071163 0.48783267 
7.5303273 0.30736715 0.48799071 
7.5435863 0.30762008 0.48814777 
7.5568447 0.30787513 0.48830378 
7.5701036 0.30813232 0.48845875 
7.5837469 0.3083992 0.48861715 
7.5973902 0.3086684 0.48877445 
7.6110339 0.30893993 0.48893064 
7.6246772 0.30921379 0.4890857 
7.6358571 0.30943996 0.48921195 
7.647037 0.30966777 0.48933744 
7.658217 0.30989715 0.48946217 
7.6693969 0.31012821 0.48958614 
7.6791406 0.31033087 0.48969355 
7.6888838 0.31053483 0.48980039 
7.698627 0.31074002 0.48990667 
7.7083702 0.31094649 0.49001235 
7.7173557 0.31113806 0.49010926 
7.7263412 0.31133071 0.49020571 
7.7353268 0.31152448 0.49030164 
7.7443123 0.31171933 0.49039707 
7.752789 0.31190419 0.49048662 
7.7612653 0.31209004 0.49057573 
7.769742 0.31227693 0.49066436 
7.7782183 0.3124648 0.49075258 
7.7863088 0.31264508 0.49083632 
7.7943993 0.31282628 0.49091968 
7.8024898 0.31300843 0.49100259 
7.8105803 0.3131915 0.49108508 
7.8183575 0.31336841 0.49116403 
7.8261347 0.31354618 0.49124253 
7.8339124 0.31372488 0.49132067 
7.8416896 0.31390443 0.49139842 
7.8492045 0.31407878 0.49147317 
7.8567195 0.31425399 0.49154755 
7.8642344 0.31443003 0.49162158 
7.8717494 0.31460693 0.49169523 
7.8790383 0.31477934 0.4917663 
7.8863273 0.31495255 0.49183705 
7.8936167 0.31512657 0.49190742 
7.9009056 0.31530142 0.49197745 
7.9079952 0.31547228 0.49204522 
7.9150853 0.31564391 0.49211267 
7.9221754 0.31581631 0.49217978 
7.929265 0.31598952 0.49224657 
7.9361787 0.31615919 0.49231136 
7.9430919 0.3163296 0.49237582 
7.9500051 0.31650078 0.49243999 
7.9569187 0.31667271 0.49250379 
7.9636736 0.31684148 0.49256584 
7.9704289 0.31701097 0.49262759 
7.9771838 0.3171812 0.49268904 
7.9839392 0.31735215 0.49275017 
7.9905519 0.31752026 0.49280968 
7.9971647 0.31768906 0.49286893 
8.0037775 0.31785861 0.49292785 
8.0103903 0.31802887 0.4929865 
8.0168715 0.31819645 0.49304366 
8.0233526 0.31836471 0.49310055 
8.0298338 0.31853369 0.49315715 
8.036315 0.31870338 0.49321344 
8.0426731 0.31887057 0.4932684 
8.0490322 0.31903842 0.49332309 
8.0553904 0.31920698 0.49337748 
8.0617485 0.31937626 0.49343157 
8.0679951 0.31954321 0.49348447 
8.0742416 0.31971082 0.49353707 
8.0804882 0.31987914 0.49358937 
8.0867348 0.32004812 0.49364144 
8.0928793 0.32021502 0.49369237 
8.0990248 0.3203826 0.49374303 
8.1051702 0.32055086 0.49379346 
8.1113148 0.32071975 0.49384359 
8.1173649 0.32088673 0.49389267 
8.123415 0.32105434 0.49394152 
8.1294661 0.32122263 0.49399009 
8.1355162 0.32139155 0.4940384 
8.1414738 0.32155859 0.4940857 
8.1474323 0.32172623 0.49413276 
8.1533909 0.32189456 0.49417958 
8.1593494 0.32206351 0.49422613 
8.165226 0.32223079 0.49427179 
8.1711025 0.32239872 0.49431717 
8.1769791 0.32256725 0.49436232 
8.1828556 0.32273647 0.49440724 
8.1886501 0.32290396 0.49445125 
8.1944456 0.32307205 0.49449503 
8.2002401 0.32324079 0.49453858 
8.2060356 0.32341018 0.49458188 
8.2117596 0.32357812 0.49462438 
8.2174845 0.32374665 0.49466667 
8.2232084 0.32391584 0.49470869 
8.2289333 0.32408562 0.49475047 
8.2345905 0.32425407 0.49479154 
8.2402477 0.3244231 0.49483234 
8.2459049 0.32459277 0.49487293 
8.2515621 0.32476306 0.49491328 
8.2571526 0.32493195 0.49495292 
8.2627439 0.32510146 0.49499229 
8.2683344 0.32527158 0.49503145 
8.2739258 0.32544231 0.4950704 
8.2794552 0.32561177 0.49510866 
8.2849855 0.32578188 0.49514669 
8.2905159 0.32595256 0.49518451 
8.2960463 0.32612386 0.49522206 
8.3015194 0.326294 0.49525905 
8.3069925 0.32646474 0.49529576 
8.3124657 0.32663608 0.49533227 
8.3179388 0.32680801 0.49536854 
8.3233595 0.32697886 0.49540421 
8.3287792 0.32715029 0.49543968 
8.334199 0.32732233 0.49547493 
8.3396187 0.32749498 0.49550992 
8.3449898 0.32766667 0.4955444 
8.3503618 0.32783896 0.49557865 
8.3557329 0.32801184 0.49561268 
8.361104 0.32818529 0.49564648 
8.3664284 0.32835782 0.49567977 
8.3717518 0.32853091 0.49571282 
8.3770761 0.3287046 0.49574566 
8.3823996 0.32887888 0.49577829 
8.3876791 0.3290523 0.49581042 
8.3929577 0.32922629 0.49584231 
8.3982372 0.32940087 0.49587399 
8.4035168 0.32957602 0.49590546 
8.4087543 0.32975039 0.49593645 
8.4139919 0.32992533 0.49596724 
8.4192295 0.33010083 0.49599782 
8.4244671 0.33027697 0.49602816 
8.4296694 0.33045244 0.49605811 
8.4348707 0.33062848 0.49608779 
8.440073 0.33080509 0.49611729 
8.4452744 0.33098233 0.49614659 
8.4504414 0.33115894 0.49617544 
8.4556084 0.33133611 0.49620411 
8.4607754 0.33151385 0.49623254 
8.4659424 0.33169219 0.49626076 
8.471077 0.33186999 0.4962886 
8.4762115 0.33204833 0.49631622 
8.4813452 0.33222726 0.49634361 
8.4864798 0.33240676 0.49637082 
8.491581 0.33258566 0.49639761 
8.4966831 0.33276516 0.49642423 
8.5017843 0.33294526 0.4964506 
8.5068855 0.33312589 0.4964768 
8.5119667 0.33330637 0.49650264 
8.5170469 0.33348739 0.4965283 
8.5221272 0.33366901 0.49655372 
8.5272083 0.33385119 0.49657893 
8.532259 0.33403289 0.49660382 
8.5373096 0.33421513 0.49662846 
8.5423603 0.33439794 0.4966529 
8.547411 0.33458135 0.49667713 
8.5524416 0.33476457 0.49670106 
8.5574722 0.33494836 0.49672478 
8.5625029 0.33513275 0.4967483 
8.5675335 0.33531767 0.4967716 
8.5725431 0.33550245 0.49679458 
8.5775537 0.33568776 0.49681738 
8.5825634 0.33587366 0.49683997 
8.587574 0.33606011 0.49686232 
8.5925703 0.33624661 0.49688444 
8.5975666 0.33643368 0.49690631 
8.6025629 0.33662131 0.49692801 
8.6075583 0.33680955 0.49694946 
8.6125402 0.33699778 0.49697068 
8.6175222 0.33718657 0.49699166 
8.6225042 0.33737594 0.49701247 
8.6274853 0.3375659 0.49703303 
8.6324558 0.33775595 0.49705335 
8.6374254 0.33794659 0.49707344 
8.642396 0.33813778 0.49709335 
8.6473656 0.33832955 0.49711305 
8.6523266 0.33852154 0.49713248 
8.6572876 0.33871409 0.49715173 
8.6622486 0.33890721 0.49717075 
8.6672096 0.33910093 0.49718958 
8.6721678 0.33929506 0.49720818 
8.6771259 0.33948979 0.49722657 
8.6820831 0.33968508 0.49724472 
8.6870413 0.33988091 0.49726269 
8.6919975 0.34007731 0.49728045 
8.6969538 0.34027424 0.49729797 
8.701911 0.34047177 0.49731532 
8.7068672 0.34066987 0.49733242 
8.7118235 0.34086856 0.49734932 
8.7167807 0.34106779 0.49736604 
8.7217379 0.34126765 0.49738252 
8.7266941 0.34146804 0.49739879 
8.731657 0.34166926 0.49741486 
8.7366199 0.34187108 0.49743074 
8.7415829 0.34207347 0.49744639 
8.7465467 0.34227645 0.49746183 
8.7515182 0.34248036 0.49747708 
8.7564907 0.34268486 0.4974921 
8.7614632 0.34288996 0.49750692 
8.7664347 0.34309563 0.49752152 
8.7714205 0.34330243 0.49753597 
8.7764053 0.34350982 0.49755016 
8.7813911 0.34371778 0.49756417 
8.786377 0.34392634 0.49757794 
8.7913818 0.34413633 0.49759156 
8.7963877 0.34434691 0.49760497 
8.8013935 0.34455806 0.49761814 
8.8063984 0.34476984 0.49763107 
8.8114271 0.34498313 0.49764386 
8.8164549 0.34519702 0.49765643 
8.8214827 0.34541151 0.49766877 
8.8265104 0.34562659 0.4976809 
8.8315697 0.34584361 0.49769288 
8.8366289 0.34606126 0.49770463 
8.8416891 0.3462795 0.49771613 
8.8467484 0.34649837 0.49772742 
8.8518448 0.34671941 0.49773857 
8.8569412 0.34694108 0.49774951 
8.8620377 0.34716335 0.49776018 
8.8671331 0.34738621 0.49777064 
8.8722744 0.3476117 0.49778095 
8.8774157 0.34783778 0.49779102 
8.8825569 0.34806448 0.49780086 
8.8876982 0.34829181 0.49781048 
8.8928986 0.34852237 0.49781996 
8.8980989 0.34875357 0.4978292 
8.9032984 0.3489854 0.49783817 
8.9084988 0.34921786 0.49784693 
8.9137678 0.34945405 0.49785554 
8.9190369 0.34969091 0.49786392 
8.9243059 0.34992841 0.49787205 
8.9295759 0.35016656 0.49787992 
8.9349308 0.35040924 0.49788767 
8.9402857 0.35065258 0.49789518 
8.9456406 0.3508966 0.49790239 
8.9509954 0.35114127 0.49790937 
8.9564648 0.35139182 0.49791625 
8.9619331 0.35164309 0.49792284 
8.9674015 0.35189503 0.49792916 
8.9728708 0.35214767 0.49793521 
8.9784861 0.35240781 0.49794114 
8.9841013 0.35266864 0.49794677 
8.9897165 0.35293025 0.49795213 
8.9953327 0.35319254 0.49795723 
9.0011578 0.35346541 0.49796221 
9.0069828 0.35373905 0.49796686 
9.0128088 0.35401344 0.49797121 
9.0186338 0.35428864 0.49797526 
9.0248156 0.35458151 0.49797922 
9.0309973 0.35487524 0.49798283 
9.037179 0.3551698 0.49798611 
9.0433607 0.35546526 0.49798903 
9.0502901 0.35579744 0.49799189 
9.0572195 0.35613072 0.4979943 
9.0641489 0.35646504 0.4979963 
9.0710783 0.35680044 0.49799785 
9.0781565 0.35714415 0.49799898 
9.0852346 0.35748896 0.49799967 
9.0923128 0.35783488 0.49799991 
9.099391 0.35818186 0.49799967 
9.1056919 0.35849169 0.4979991 
9.1119928 0.35880235 0.49799815 
9.1182938 0.35911387 0.49799684 
9.1245947 0.35942626 0.49799517 
9.1306114 0.35972539 0.49799326 
9.1366291 0.36002529 0.497991 
9.1426458 0.36032593 0.4979884 
9.1486635 0.36062735 0.49798548 
9.1545296 0.36092195 0.49798232 
9.1603956 0.36121726 0.49797887 
9.1662617 0.36151326 0.49797508 
9.1721277 0.36181 0.497971 
9.1779079 0.3621031 0.49796665 
9.1836882 0.36239687 0.497962 
9.1894684 0.36269134 0.49795705 
9.1952486 0.36298648 0.49795181 
9.2009878 0.36328018 0.49794629 
9.206727 0.36357456 0.49794048 
9.2124662 0.36386961 0.49793437 
9.2182055 0.36416531 0.49792796 
9.2239561 0.36446226 0.49792123 
9.2297058 0.36475986 0.49791422 
9.2354565 0.36505809 0.49790689 
9.2412071 0.36535698 0.49789926 
9.2470436 0.365661 0.49789125 
9.2528791 0.36596566 0.49788287 
9.2587156 0.36627099 0.49787423 
9.2645521 0.36657694 0.49786526 
9.2706013 0.36689472 0.49785566 
9.2766495 0.36721322 0.49784571 
9.2826986 0.36753237 0.49783546 
9.2887468 0.36785221 0.49782485 
9.2948389 0.36817497 0.49781382 
9.30093 0.36849844 0.4978025 
9.3070211 0.36882257 0.49779081 
9.3131123 0.36914736 0.4977788 
9.318737 0.36944786 0.49776742 
9.3243618 0.36974892 0.49775574 
9.3299866 0.37005055 0.49774379 
9.3356113 0.37035275 0.49773157 
9.3410091 0.37064323 0.49771956 
9.346406 0.37093422 0.49770728 
9.3518038 0.37122571 0.49769476 
9.3572016 0.37151772 0.49768198 
9.3624468 0.37180191 0.49766928 
9.367691 0.37208658 0.49765638 
9.3729362 0.3723717 0.4976432 
9.3781815 0.37265727 0.49762979 
9.3833179 0.37293738 0.49761641 
9.3884544 0.37321794 0.49760282 
9.3935909 0.37349889 0.49758899 
9.3987274 0.37378028 0.49757493 
9.4037733 0.37405708 0.49756086 
9.4088192 0.37433428 0.49754658 
9.4138641 0.37461188 0.4975321 
9.41891 0.37488988 0.49751738 
9.4238815 0.37516415 0.49750265 
9.4288521 0.37543881 0.49748769 
9.4338236 0.37571383 0.49747255 
9.4387951 0.3759892 0.49745718 
9.4437065 0.37626168 0.49744177 
9.4486189 0.37653449 0.49742615 
9.4535313 0.37680769 0.49741033 
9.4584427 0.37708122 0.49739426 
9.4632978 0.37735188 0.49737823 
9.468152 0.37762287 0.49736196 
9.4730072 0.37789419 0.49734548 
9.4778614 0.37816584 0.49732882 
9.4826775 0.37843561 0.49731207 
9.4874926 0.37870568 0.49729514 
9.4923077 0.37897608 0.49727798 
9.4971228 0.3792468 0.49726063 
9.5019035 0.37951583 0.49724323 
9.5066843 0.37978518 0.49722561 
9.5114651 0.38005483 0.49720779 
9.5162458 0.38032478 0.49718979 
9.5209923 0.38059306 0.49717173 
9.5257387 0.38086164 0.49715346 
9.5304852 0.38113052 0.49713501 
9.5352316 0.38139963 0.49711636 
9.5399599 0.38166803 0.49709758 
9.5446892 0.3819367 0.49707863 
9.5494175 0.38220561 0.49705946 
9.5541458 0.38247481 0.49704012 
9.5588531 0.38274297 0.49702066 
9.5635595 0.3830114 0.49700105 
9.5682659 0.3832801 0.49698123 
9.5729723 0.383549 0.49696124 
9.5776625 0.38381726 0.49694112 
9.5823526 0.38408571 0.49692079 
9.5870428 0.38435444 0.49690032 
9.591733 0.38462338 0.49687964 
9.5964108 0.38489184 0.49685884 
9.6010895 0.38516054 0.49683785 
9.6057673 0.38542947 0.49681666 
9.610445 0.38569862 0.49679533 
9.615118 0.38596764 0.49677381 
9.6197901 0.38623691 0.49675211 
9.6244631 0.38650638 0.49673024 
9.6291351 0.38677603 0.49670818 
9.6338024 0.38704559 0.49668598 
9.6384697 0.38731536 0.4966636 
9.643137 0.38758531 0.49664104 
9.6478043 0.38785547 0.4966183 
9.6524696 0.38812572 0.49659538 
9.657135 0.38839611 0.49657229 
9.6618004 0.38866672 0.49654901 
9.6664648 0.3889375 0.49652556 
9.6711349 0.38920873 0.49650192 
9.6758051 0.38948014 0.49647808 
9.6804752 0.38975173 0.49645409 
9.6851454 0.3900235 0.49642989 
9.6898174 0.39029557 0.49640554 
9.6944904 0.39056781 0.49638098 
9.6991625 0.3908402 0.49635625 
9.7038355 0.39111277 0.49633136 
9.708519 0.39138612 0.49630624 
9.7132025 0.39165965 0.49628094 
9.717886 0.39193332 0.49625543 
9.7225695 0.39220712 0.4962298 
9.7272654 0.39248174 0.4962039 
9.7319603 0.39275649 0.49617782 
9.7366552 0.39303139 0.49615157 
9.7413502 0.39330643 0.49612516 
9.7460613 0.39358252 0.49609849 
9.7507725 0.39385876 0.49607161 
9.7554836 0.39413512 0.49604458 
9.7601938 0.39441159 0.4960174 
9.764924 0.39468929 0.49598989 
9.7696533 0.39496708 0.49596223 
9.7743826 0.39524502 0.4959344 
9.7791119 0.39552304 0.49590638 
9.783865 0.39580256 0.49587807 
9.7886171 0.39608216 0.49584958 
9.7933702 0.39636186 0.49582091 
9.7981224 0.39664167 0.49579206 
9.8028984 0.39692301 0.49576291 
9.8076754 0.3972044 0.49573359 
9.8124514 0.39748591 0.49570408 
9.8172274 0.39776748 0.4956744 
9.8220339 0.3980509 0.49564436 
9.8268394 0.39833441 0.49561414 
9.831646 0.39861801 0.49558374 
9.8364515 0.39890167 0.4955532 
9.8412886 0.39918724 0.49552226 
9.8461256 0.39947289 0.49549115 
9.8509626 0.39975861 0.49545985 
9.8557997 0.40004438 0.49542838 
9.8606758 0.40033254 0.49539649 
9.8655519 0.40062076 0.49536443 
9.8704281 0.40090904 0.49533218 
9.8753042 0.40119737 0.49529976 
9.8802185 0.40148804 0.49526691 
9.8851328 0.4017787 0.49523389 
9.8900471 0.40206945 0.49520069 
9.8949614 0.40236023 0.49516732 
9.8999233 0.40265387 0.49513343 
9.9048853 0.40294755 0.49509937 
9.9098482 0.40324125 0.49506512 
9.9148102 0.40353498 0.4950307 
9.9198236 0.40383178 0.49499574 
9.9248362 0.40412861 0.49496061 
9.9298496 0.40442547 0.49492532 
9.9348631 0.40472233 0.49488983 
9.9399338 0.40502262 0.49485373 
9.9450054 0.40532294 0.49481747 
9.9500761 0.40562326 0.49478102 
9.9551468 0.40592358 0.49474439 
9.9602814 0.40622765 0.49470714 
9.965416 0.40653172 0.49466968 
9.9705505 0.40683579 0.49463204 
9.9756851 0.40713987 0.49459422 
9.9808922 0.40744817 0.49455568 
9.9860992 0.40775651 0.49451694 
9.9913054 0.40806478 0.49447802 
9.9965124 0.40837306 0.49443892 
10.001802 0.40868619 0.49439901 
10.007092 0.40899926 0.49435893 
10.012381 0.40931234 0.49431863 
10.01767 0.40962535 0.49427813 
10.023054 0.40994394 0.49423674 
10.028438 0.41026247 0.49419516 
10.033822 0.41058093 0.49415335 
10.039206 0.41089934 0.49411139 
10.044695 0.41122392 0.49406838 
10.050184 0.41154844 0.49402517 
10.055673 0.41187286 0.49398178 
10.061162 0.41219723 0.49393818 
10.066779 0.41252911 0.49389336 
10.072397 0.4128609 0.49384832 
10.078014 0.4131926 0.49380308 
10.083632 0.41352421 0.49375767 
10.089403 0.41386476 0.49371076 
10.095174 0.41420522 0.49366367 
10.100945 0.41454557 0.49361634 
10.106715 0.41488579 0.49356881 
10.11268 0.41523737 0.49351946 
10.118646 0.41558883 0.49346986 
10.124612 0.41594014 0.49342003 
10.130577 0.41629133 0.49337003 
10.136813 0.41665825 0.49331748 
10.143048 0.41702503 0.4932647 
10.149284 0.41739163 0.49321169 
10.15552 0.41775808 0.49315843 
10.162216 0.41815132 0.49310097 
10.168911 0.41854435 0.49304324 
10.175607 0.41893718 0.49298525 
10.182302 0.41932976 0.49292696 
10.189591 0.41975689 0.49286324 
10.19688 0.42018375 0.49279916 
10.204169 0.42061031 0.49273479 
10.211458 0.4210366 0.49267009 
10.218608 0.42145446 0.49260631 
10.225759 0.42187202 0.49254227 
10.232908 0.42228931 0.49247789 
10.240059 0.42270628 0.49241322 
10.2467 0.42309335 0.4923529 
10.253343 0.42348012 0.49229231 
10.259985 0.42386663 0.49223149 
10.266627 0.42425284 0.49217039 
10.273042 0.42462555 0.49211115 
10.279456 0.42499796 0.49205169 
10.285871 0.4253701 0.491992 
10.292285 0.42574197 0.49193209 
10.298565 0.42610571 0.4918732 
10.304844 0.42646918 0.49181411 
10.311124 0.42683238 0.4917548 
10.317403 0.42719528 0.49169526 
10.323596 0.42755291 0.49163634 
10.32979 0.42791027 0.49157721 
10.335983 0.42826733 0.49151787 
10.342176 0.42862409 0.49145833 
10.348314 0.42897737 0.49139911 
10.354453 0.42933038 0.49133968 
10.360591 0.42968306 0.49128008 
10.366729 0.43003544 0.49122027 
10.372829 0.43038535 0.49116063 
10.378929 0.43073496 0.49110082 
10.38503 0.43108425 0.4910408 
10.391129 0.43143323 0.49098057 
10.39721 0.43178076 0.49092036 
10.403291 0.43212798 0.49085999 
10.40937 0.43247488 0.4907994 
10.415451 0.43282148 0.49073863 
10.421521 0.43316716 0.49067777 
10.427591 0.43351254 0.49061674 
10.433661 0.43385756 0.49055552 
10.439733 0.43420225 0.4904941 
10.445807 0.43454689 0.4904325 
10.451881 0.43489116 0.49037069 
10.457955 0.43523508 0.4903087 
10.46403 0.4355787 0.49024653 
10.470115 0.4359225 0.4901841 
10.476199 0.43626598 0.49012148 
10.482284 0.43660909 0.49005866 
10.488368 0.43695185 0.48999572 
10.494467 0.43729511 0.48993239 
10.500566 0.43763801 0.48986891 
10.506666 0.43798053 0.48980528 
10.512766 0.43832272 0.48974144 
10.518895 0.43866622 0.48967713 
10.525024 0.43900934 0.48961264 
10.531155 0.4393521 0.489548 
10.537284 0.43969446 0.48948318 
10.543445 0.4400382 0.48941785 
10.549605 0.44038156 0.48935235 
10.555766 0.44072455 0.48928666 
10.561927 0.44106713 0.48922083 
10.568131 0.44141173 0.48915437 
10.574336 0.44175598 0.48908773 
10.58054 0.44209981 0.48902091 
10.586744 0.44244322 0.48895395 
10.593001 0.44278917 0.48888624 
10.599258 0.44313467 0.48881835 
10.605515 0.44347978 0.48875031 
10.611773 0.44382447 0.48868209 
10.618086 0.44417182 0.4886131 
10.624399 0.44451874 0.48854393 
10.630712 0.44486526 0.48847461 
10.637025 0.44521132 0.48840511 
10.643407 0.44556072 0.48833469 
10.649789 0.44590971 0.48826411 
10.65617 0.44625822 0.48819336 
10.662552 0.44660631 0.48812243 
10.669015 0.44695833 0.48805046 
10.675478 0.44730988 0.48797831 
10.68194 0.44766101 0.48790598 
10.688403 0.44801164 0.4878335 
10.694963 0.44836706 0.48775977 
10.701522 0.448722 0.48768586 
10.708082 0.44907647 0.4876118 
10.714642 0.44943047 0.48753756 
10.721319 0.4497903 0.48746181 
10.727997 0.45014963 0.4873859 
10.734674 0.45050845 0.48730981 
10.741351 0.45086679 0.48723355 
10.748173 0.45123231 0.4871555 
10.754994 0.45159733 0.48707727 
10.761816 0.45196179 0.48699883 
10.768638 0.45232573 0.48692027 
10.775662 0.4526999 0.48683915 
10.782686 0.4530735 0.48675787 
10.78971 0.45344657 0.48667642 
10.796735 0.45381901 0.4865948 
10.804143 0.45421126 0.48650852 
10.811552 0.45460287 0.48642203 
10.818961 0.45499381 0.48633537 
10.82637 0.45538414 0.48624849 
10.83406 0.45578855 0.48615813 
10.841749 0.45619228 0.48606756 
10.849438 0.4565953 0.48597682 
10.857127 0.45699763 0.48588586 
10.864514 0.45738348 0.4857983 
10.871901 0.45776865 0.48571056 
10.879288 0.45815319 0.48562261 
10.886675 0.4585371 0.48553452 
10.893831 0.45890844 0.48544899 
10.900989 0.45927915 0.48536327 
10.908145 0.45964924 0.48527741 
10.915302 0.46001875 0.4851914 
10.922346 0.46038184 0.48510656 
10.929391 0.46074435 0.48502159 
10.936436 0.46110627 0.48493645 
10.94348 0.46146759 0.48485112 
10.950456 0.46182477 0.48476651 
10.957432 0.46218139 0.48468176 
10.964408 0.46253744 0.48459685 
10.971383 0.46289286 0.48451179 
10.978313 0.46324542 0.48442715 
10.985243 0.46359736 0.48434237 
10.992173 0.46394876 0.48425743 
10.999104 0.46429956 0.48417237 
11.006001 0.46464819 0.48408756 
11.0129 0.46499625 0.48400259 
11.019798 0.46534371 0.4839175 
11.026697 0.46569061 0.48383227 
11.033583 0.46603629 0.48374709 
11.040467 0.4663814 0.48366177 
11.047353 0.46672592 0.4835763 
11.054238 0.46706986 0.48349071 
11.061117 0.46741292 0.48340505 
11.067995 0.46775538 0.48331928 
11.074874 0.46809727 0.48323339 
11.081752 0.4684386 0.48314738 
11.08863 0.4687793 0.48306125 
11.095507 0.46911943 0.48297498 
11.102385 0.469459 0.48288861 
11.109262 0.46979797 0.48280209 
11.116148 0.47013682 0.48271537 
11.123034 0.47047511 0.48262849 
11.12992 0.4708128 0.48254153 
11.136806 0.47114995 0.48245442 
11.143705 0.4714871 0.48236704 
11.150604 0.47182369 0.48227954 
11.157502 0.47215971 0.48219192 
11.164401 0.47249517 0.48210418 
11.171319 0.47283095 0.48201612 
11.178236 0.4731662 0.4819279 
11.185154 0.47350082 0.48183957 
11.192072 0.4738349 0.48175114 
11.199007 0.47416922 0.48166236 
11.205942 0.47450298 0.48157349 
11.212877 0.47483617 0.4814845 
11.219812 0.47516876 0.48139539 
11.226777 0.47550222 0.48130578 
11.233742 0.47583508 0.48121607 
11.240706 0.47616735 0.48112625 
11.247671 0.47649905 0.48103634 
11.254661 0.47683135 0.48094597 
11.26165 0.47716308 0.48085549 
11.26864 0.47749424 0.48076493 
11.275629 0.47782481 0.48067427 
11.282649 0.47815618 0.4805831 
11.289668 0.47848696 0.48049182 
11.296687 0.47881716 0.48040044 
11.303707 0.47914681 0.48030895 
11.310764 0.47947761 0.48021686 
11.317822 0.47980785 0.48012468 
11.324879 0.4801375 0.48003238 
11.331937 0.48046657 0.47994 
11.339031 0.48079675 0.47984701 
11.346126 0.48112637 0.47975394 
11.35322 0.48145539 0.47966075 
11.360315 0.48178381 0.4795675 
11.36745 0.48211351 0.47947356 
11.374585 0.48244262 0.47937956 
11.381721 0.48277113 0.47928545 
11.388856 0.48309904 0.47919124 
11.396032 0.48342827 0.47909638 
11.403209 0.48375687 0.47900146 
11.410385 0.48408487 0.47890642 
11.417562 0.48441228 0.47881129 
11.424785 0.48474121 0.47871542 
11.432008 0.48506954 0.47861949 
11.439231 0.48539728 0.47852346 
11.446454 0.48572442 0.47842732 
11.453725 0.48605311 0.47833046 
11.460996 0.48638117 0.47823352 
11.468266 0.48670864 0.47813648 
11.475537 0.48703548 0.47803932 
11.482856 0.48736387 0.47794148 
11.490174 0.48769167 0.47784352 
11.497493 0.48801884 0.47774547 
11.504812 0.48834541 0.47764733 
11.512187 0.48867387 0.47754836 
11.519562 0.48900169 0.4774493 
11.526937 0.48932892 0.47735012 
11.534312 0.48965552 0.47725087 
11.541742 0.48998395 0.47715083 
11.549172 0.49031174 0.47705066 
11.556602 0.49063891 0.47695044 
11.564032 0.49096546 0.47685009 
11.571517 0.49129379 0.47674894 
11.579001 0.49162152 0.4766477 
11.586487 0.4919486 0.47654638 
11.593972 0.49227506 0.47644496 
11.601517 0.49260351 0.47634265 
11.609062 0.49293134 0.47624028 
11.616607 0.49325851 0.47613782 
11.624151 0.49358508 0.47603527 
11.631763 0.49391383 0.47593173 
11.639373 0.49424195 0.47582811 
11.646983 0.49456945 0.47572443 
11.654594 0.49489629 0.47562066 
11.66227 0.49522528 0.47551593 
11.669946 0.49555364 0.47541112 
11.677622 0.49588138 0.47530621 
11.685298 0.49620846 0.47520125 
11.693039 0.49653769 0.4750953 
11.70078 0.49686626 0.4749893 
11.708522 0.49719417 0.47488317 
11.716263 0.49752146 0.47477701 
11.724076 0.49785113 0.47466975 
11.73189 0.49818015 0.47456247 
11.739703 0.49850851 0.47445506 
11.747517 0.49883622 0.47434759 
11.755404 0.49916637 0.47423905 
11.76329 0.49949583 0.47413042 
11.771177 0.49982467 0.4740217 
11.779065 0.50015283 0.47391295 
11.787028 0.50048351 0.47380304 
11.794992 0.50081354 0.47369307 
11.802957 0.50114292 0.47358301 
11.810921 0.50147164 0.47347289 
11.818961 0.5018028 0.47336164 
11.827001 0.50213325 0.47325033 
11.835041 0.5024631 0.47313896 
11.843081 0.50279224 0.4730275 
11.851204 0.50312412 0.47291484 
11.859326 0.50345528 0.4728021 
11.86745 0.50378579 0.4726893 
11.875572 0.50411558 0.47257644 
11.88378 0.50444824 0.4724623 
11.891989 0.50478011 0.47234809 
11.900197 0.5051114 0.47223386 
11.908406 0.5054419 0.47211951 
11.916703 0.50577533 0.47200391 
11.925 0.50610811 0.47188821 
11.933297 0.50644016 0.47177246 
11.941594 0.5067715 0.47165665 
11.949985 0.50710583 0.47153947 
11.958374 0.50743949 0.47142223 
11.966764 0.50777245 0.47130492 
11.975154 0.50810468 0.47118756 
11.983638 0.50843996 0.47106883 
11.992122 0.50877452 0.47095004 
12.000605 0.50910836 0.47083119 
12.009089 0.50944149 0.47071227 
12.017672 0.50977778 0.4705919 
12.026256 0.51011342 0.47047147 
12.034839 0.51044834 0.47035098 
12.043422 0.51078248 0.47023046 
12.052109 0.51111996 0.47010839 
12.060797 0.51145673 0.46998626 
12.069484 0.51179278 0.4698641 
12.078171 0.51212811 0.46974185 
12.086967 0.51246691 0.46961805 
12.095762 0.51280493 0.46949419 
12.104557 0.51314223 0.46937028 
12.113353 0.51347876 0.46924633 
12.122262 0.51381892 0.46912068 
12.131171 0.51415837 0.468995 
12.14008 0.51449704 0.46886927 
12.14899 0.514835 0.46874347 
12.158017 0.51517665 0.46861598 
12.167045 0.51551753 0.46848843 
12.176072 0.5158577 0.46836084 
12.1851 0.51619709 0.46823317 
12.19425 0.51654035 0.46810374 
12.203401 0.5168829 0.46797425 
12.212551 0.51722461 0.46784469 
12.221703 0.51756561 0.46771511 
12.230984 0.51791066 0.46758363 
12.240265 0.51825494 0.46745211 
12.249546 0.51859844 0.46732053 
12.258827 0.51894116 0.46718889 
12.268244 0.51928812 0.46705532 
12.277661 0.51963431 0.46692166 
12.287079 0.51997972 0.46678796 
12.296496 0.52032435 0.46665424 
12.306059 0.52067345 0.46651843 
12.315621 0.52102172 0.46638256 
12.325184 0.52136922 0.46624663 
12.334746 0.52171594 0.46611071 
12.344463 0.52206743 0.46597251 
12.354179 0.52241808 0.46583429 
12.363896 0.52276796 0.46569601 
12.373613 0.52311701 0.46555772 
12.383494 0.52347112 0.46541706 
12.393374 0.52382433 0.46527633 
12.403255 0.52417678 0.4651356 
12.413136 0.52452832 0.46499482 
12.423191 0.52488536 0.4648515 
12.433247 0.52524149 0.46470815 
12.443303 0.52559674 0.46456477 
12.453359 0.52595121 0.46442136 
12.463604 0.52631146 0.46427524 
12.473849 0.52667081 0.46412906 
12.484095 0.52702934 0.46398285 
12.49434 0.52738696 0.46383661 
12.504792 0.52775097 0.46368739 
12.515244 0.52811402 0.46353814 
12.525697 0.52847624 0.46338886 
12.536149 0.52883756 0.46323955 
12.546826 0.52920574 0.46308699 
12.557503 0.52957296 0.46293443 
12.56818 0.52993929 0.46278185 
12.578857 0.53030473 0.46262923 
12.589787 0.53067786 0.46247298 
12.600717 0.53105009 0.46231669 
12.611647 0.53142136 0.46216038 
12.622577 0.53179169 0.46200407 
12.633794 0.53217077 0.46184361 
12.645011 0.53254884 0.46168315 
12.656229 0.53292596 0.46152264 
12.667446 0.53330213 0.46136215 
12.679006 0.53368878 0.46119672 
12.690565 0.53407437 0.46103129 
12.702126 0.53445899 0.46086583 
12.713685 0.53484255 0.46070036 
12.72566 0.53523886 0.46052894 
12.737636 0.53563404 0.46035749 
12.74961 0.53602821 0.46018606 
12.761585 0.53642124 0.46001458 
12.774125 0.53683174 0.45983505 
12.786665 0.53724104 0.45965549 
12.799205 0.53764921 0.4594759 
12.811745 0.53805619 0.45929635 
12.825244 0.53849304 0.45910305 
12.838743 0.53892857 0.45890972 
12.852242 0.53936285 0.45871639 
12.865742 0.53979576 0.45852309 
12.880809 0.54027742 0.45830733 
12.895875 0.54075742 0.45809159 
12.910942 0.54123586 0.45787585 
12.926008 0.5417127 0.45766011 
12.939653 0.54214323 0.45746475 
12.953299 0.54257238 0.4572694 
12.966944 0.54300028 0.45707408 
12.980589 0.54342693 0.45687875 
12.993658 0.54383439 0.45669168 
13.006728 0.54424065 0.45650461 
13.019797 0.54464579 0.4563176 
13.032866 0.54504973 0.45613056 
13.045643 0.54544353 0.45594779 
13.058418 0.54583627 0.45576501 
13.071195 0.54622787 0.45558226 
13.08397 0.5466184 0.45539954 
13.096564 0.54700232 0.45521945 
13.109159 0.54738528 0.45503935 
13.121754 0.5477671 0.45485932 
13.134348 0.54814798 0.45467928 
13.146828 0.54852432 0.45450094 
13.159307 0.54889965 0.45432261 
13.171786 0.54927403 0.45414433 
13.184265 0.54964739 0.45396605 
13.196666 0.55001742 0.45378894 
13.209067 0.55038649 0.45361188 
13.221468 0.55075461 0.45343482 
13.23387 0.55112177 0.45325783 
13.246223 0.55148655 0.45308152 
13.258578 0.55185044 0.45290524 
13.270932 0.55221337 0.45272902 
13.283287 0.55257535 0.4525528 
13.295611 0.5529356 0.45237708 
13.307937 0.55329484 0.4522014 
13.320261 0.55365318 0.45202574 
13.332586 0.55401063 0.45185012 
13.344898 0.55436677 0.45167473 
13.35721 0.55472201 0.4514994 
13.369522 0.55507636 0.45132411 
13.381834 0.55542982 0.45114884 
13.39415 0.5557825 0.4509736 
13.406466 0.55613428 0.45079836 
13.418781 0.55648512 0.45062321 
13.431097 0.55683517 0.4504481 
13.443421 0.55718452 0.45027289 
13.455746 0.55753303 0.45009777 
13.46807 0.55788064 0.44992268 
13.480394 0.55822742 0.44974762 
13.49274 0.55857384 0.44957235 
13.505085 0.55891949 0.44939712 
13.51743 0.55926424 0.44922197 
13.529776 0.55960816 0.44904685 
13.542152 0.55995208 0.44887131 
13.554529 0.5602951 0.44869587 
13.566906 0.56063735 0.44852048 
13.579283 0.56097871 0.44834515 
13.591689 0.56132007 0.44816944 
13.604095 0.56166059 0.44799381 
13.616502 0.56200022 0.44781825 
13.628908 0.56233907 0.44764271 
13.641352 0.56267804 0.44746676 
13.653795 0.56301624 0.44729087 
13.666238 0.5633536 0.447115 
13.678681 0.56369007 0.44693923 
13.69117 0.56402701 0.44676289 
13.703659 0.56436312 0.44658658 
13.716148 0.5646984 0.44641036 
13.728637 0.56503284 0.4462342 
13.741176 0.56536782 0.44605741 
13.753715 0.56570202 0.44588071 
13.766253 0.56603533 0.44570407 
13.778791 0.56636786 0.44552749 
13.791382 0.56670099 0.44535026 
13.803972 0.56703329 0.44517308 
13.816563 0.56736475 0.444996 
13.829153 0.56769544 0.444819 
13.841801 0.56802684 0.44464126 
13.854447 0.56835741 0.44446361 
13.867095 0.56868714 0.44428605 
13.879742 0.5690161 0.44410855 
13.892448 0.56934583 0.4439303 
13.905154 0.56967473 0.44375214 
13.917861 0.57000285 0.44357404 
13.930567 0.5703302 0.44339603 
13.943338 0.57065845 0.44321719 
13.956109 0.57098585 0.44303846 
13.96888 0.57131249 0.4428598 
13.98165 0.57163835 0.44268122 
13.994487 0.57196504 0.44250181 
14.007322 0.57229096 0.44232249 
14.020158 0.5726161 0.44214326 
14.032994 0.57294047 0.44196412 
14.045897 0.57326579 0.44178414 
14.058801 0.57359028 0.44160423 
14.071704 0.57391405 0.4414244 
14.084608 0.57423699 0.44124469 
14.097587 0.57456106 0.441064 
14.110565 0.57488436 0.44088343 
14.123544 0.57520688 0.44070294 
14.136522 0.57552868 0.44052252 
14.14957 0.57585138 0.44034126 
14.16262 0.57617331 0.4401601 
14.175668 0.57649446 0.43997902 
14.188716 0.57681489 0.43979803 
14.201838 0.57713634 0.43961611 
14.214962 0.57745707 0.43943429 
14.228085 0.57777697 0.43925259 
14.241208 0.57809615 0.43907097 
14.254415 0.57841659 0.43888831 
14.267621 0.57873631 0.43870574 
14.280827 0.57905519 0.43852329 
14.294033 0.57937336 0.43834093 
14.307316 0.5796926 0.43815762 
14.320599 0.58001107 0.43797442 
14.33388 0.58032876 0.43779135 
14.347163 0.58064574 0.43760836 
14.360532 0.58096397 0.43742433 
14.373899 0.58128148 0.43724036 
14.387268 0.58159822 0.43705654 
14.400637 0.58191419 0.43687281 
14.41409 0.58223146 0.43668804 
14.427545 0.58254796 0.43650335 
14.440999 0.58286375 0.43631881 
14.454453 0.5831787 0.43613437 
14.467994 0.58349502 0.43594882 
14.481535 0.58381057 0.43576342 
14.495076 0.58412534 0.43557814 
14.508617 0.5844394 0.43539298 
14.522245 0.58475471 0.43520674 
14.535873 0.5850693 0.4350206 
14.549502 0.58538312 0.4348346 
14.56313 0.58569616 0.43464872 
14.57685 0.58601063 0.43446171 
14.590569 0.58632427 0.43427482 
14.60429 0.58663726 0.43408808 
14.61801 0.58694941 0.43390143 
14.631819 0.58726293 0.4337137 
14.645628 0.58757567 0.43352613 
14.659437 0.5878877 0.43333864 
14.673246 0.58819896 0.4331513 
14.687158 0.58851177 0.43296272 
14.701068 0.58882385 0.43277428 
14.714978 0.58913517 0.43258595 
14.728889 0.58944571 0.43239775 
14.74289 0.58975762 0.43220848 
14.756892 0.59006876 0.43201932 
14.770894 0.59037918 0.43183029 
14.784896 0.59068882 0.4316414 
14.798997 0.59099996 0.43145132 
14.813098 0.59131032 0.43126136 
14.827199 0.59161997 0.43107155 
14.8413 0.5919289 0.43088189 
14.8555 0.59223926 0.430691 
14.869701 0.59254885 0.4305003 
14.883902 0.59285772 0.43030971 
14.898102 0.59316587 0.43011928 
14.91241 0.59347564 0.42992753 
14.926718 0.59378463 0.42973593 
14.941026 0.59409291 0.42954448 
14.955335 0.59440047 0.42935318 
14.969737 0.59470928 0.42916074 
14.98414 0.59501743 0.42896846 
14.998544 0.59532481 0.42877632 
15.012947 0.59563142 0.42858434 
15.027463 0.59593976 0.42839104 
15.041978 0.59624732 0.42819786 
15.056494 0.59655416 0.42800483 
15.07101 0.59686023 0.42781198 
15.085631 0.59716785 0.42761785 
15.100253 0.59747475 0.42742389 
15.114875 0.59778088 0.42723009 
15.129497 0.5980863 0.42703643 
15.144222 0.59839314 0.42684156 
15.158948 0.59869927 0.42664686 
15.173674 0.59900463 0.42645231 
15.188399 0.59930927 0.42625794 
15.20324 0.59961557 0.4260622 
15.218081 0.59992117 0.4258666 
15.232924 0.60022604 0.42567119 
15.247765 0.60053015 0.42547593 
15.262712 0.60083568 0.42527944 
15.277659 0.60114056 0.42508313 
15.292607 0.6014446 0.42488697 
15.307554 0.60174799 0.42469099 
15.322621 0.60205305 0.42449364 
15.337687 0.60235739 0.42429644 
15.352755 0.60266095 0.42409942 
15.367822 0.60296381 0.42390257 
15.383003 0.60326827 0.42370439 
15.398186 0.60357195 0.42350638 
15.413367 0.60387492 0.42330855 
15.42855 0.60417718 0.42311087 
15.44385 0.60448104 0.42291188 
15.459149 0.60478413 0.42271304 
15.47445 0.60508657 0.42251438 
15.48975 0.60538822 0.42231593 
15.505172 0.60569155 0.42211604 
15.520594 0.60599411 0.42191637 
15.536016 0.606296 0.42171687 
15.551437 0.60659713 0.42151755 
15.566978 0.60689986 0.42131689 
15.58252 0.60720187 0.42111638 
15.598063 0.60750312 0.42091608 
15.613605 0.60780364 0.42071599 
15.629267 0.60810578 0.42051449 
15.64493 0.6084072 0.42031321 
15.660592 0.60870785 0.42011213 
15.676255 0.60900778 0.41991124 
15.692044 0.60930943 0.41970891 
15.707833 0.60961026 0.41950676 
15.723623 0.60991043 0.41930482 
15.739412 0.61020982 0.41910309 
15.755332 0.610511 0.41889989 
15.771253 0.61081141 0.41869688 
15.787172 0.61111104 0.41849408 
15.803093 0.61141002 0.41829148 
15.819137 0.61171055 0.41808748 
15.83518 0.6120103 0.41788372 
15.851224 0.61230934 0.41768017 
15.867268 0.61260766 0.4174768 
15.883439 0.61290759 0.41727203 
15.899611 0.61320674 0.41706747 
15.915782 0.61350524 0.41686311 
15.931953 0.61380291 0.41665897 
15.948267 0.61410254 0.41645327 
15.96458 0.61440134 0.41624776 
15.980893 0.61469942 0.41604245 
15.997207 0.61499679 0.41583738 
16.013651 0.61529577 0.41563088 
16.030096 0.61559403 0.41542459 
16.046541 0.61589158 0.4152185 
16.062986 0.61618835 0.41501263 
16.079565 0.61648679 0.41480532 
16.096146 0.61678445 0.41459823 
16.112724 0.6170814 0.41439134 
16.129303 0.61737764 0.41418469 
16.146027 0.61767566 0.41397649 
16.162748 0.61797291 0.4137685 
16.17947 0.61826938 0.41356075 
16.196192 0.61856514 0.41335323 
16.213045 0.61886245 0.41314432 
16.229897 0.61915898 0.41293564 
16.246748 0.61945474 0.41272721 
16.263601 0.61974978 0.41251901 
16.280605 0.62004679 0.41230914 
16.297611 0.62034297 0.41209951 
16.314615 0.62063843 0.41189012 
16.331621 0.62093312 0.41168097 
16.348776 0.62122965 0.4114702 
16.365931 0.62152541 0.41125968 
16.383087 0.62182045 0.4110494 
16.400242 0.62211472 0.41083935 
16.417536 0.6224106 0.41062787 
16.434832 0.6227057 0.4104166 
16.452126 0.62300009 0.4102056 
16.469421 0.62329364 0.40999481 
16.48687 0.6235891 0.40978244 
16.50432 0.62388378 0.40957028 
16.521769 0.62417769 0.40935838 
16.539217 0.62447083 0.40914676 
16.55681 0.62476563 0.40893361 
16.574404 0.62505966 0.40872073 
16.591997 0.62535292 0.40850809 
16.609591 0.6256454 0.40829572 
16.627342 0.62593979 0.40808171 
16.645094 0.62623334 0.40786794 
16.662846 0.62652612 0.40765446 
16.680597 0.62681812 0.4074412 
16.698519 0.62711215 0.4072262 
16.716438 0.62740541 0.40701148 
16.734358 0.62769783 0.40679702 
16.752279 0.62798947 0.4065828 
16.770346 0.62828279 0.40636712 
16.788414 0.62857527 0.40615171 
16.806482 0.62886697 0.40593654 
16.824549 0.6291579 0.40572166 
16.842779 0.62945062 0.40550515 
16.861008 0.62974256 0.40528888 
16.879236 0.63003373 0.4050729 
16.897467 0.63032407 0.40485722 
16.915863 0.63061631 0.40463981 
16.934261 0.63090777 0.40442267 
16.952658 0.63119841 0.40420583 
16.971056 0.63148826 0.40398926 
16.989628 0.63178009 0.40377092 
17.008202 0.63207114 0.40355286 
17.026773 0.63236129 0.40333509 
17.045345 0.63265073 0.40311763 
17.064083 0.63294184 0.40289849 
17.082819 0.63323224 0.40267968 
17.101557 0.63352174 0.40246114 
17.120293 0.63381046 0.40224293 
17.139208 0.63410115 0.4020229 
17.158123 0.63439101 0.40180317 
17.177038 0.63468003 0.40158376 
17.195955 0.63496822 0.40136462 
17.21504 0.6352582 0.40114382 
17.234127 0.6355474 0.40092331 
17.253214 0.63583577 0.4007031 
17.272301 0.6361233 0.40048322 
17.291578 0.63641286 0.40026143 
17.310854 0.63670158 0.40003994 
17.330132 0.63698947 0.39981878 
17.349409 0.63727659 0.39959791 
17.368868 0.63756549 0.39937529 
17.388327 0.63785362 0.39915299 
17.407787 0.63814086 0.398931 
17.427246 0.63842732 0.3987093 
17.446892 0.63871562 0.39848581 
17.466537 0.6390031 0.39826265 
17.486183 0.63928974 0.39803979 
17.505829 0.63957548 0.39781728 
17.525675 0.63986337 0.39759281 
17.545521 0.64015031 0.39736864 
17.565367 0.64043647 0.39714482 
17.585215 0.64072174 0.39692134 
17.605247 0.64100879 0.39669609 
17.62528 0.64129502 0.39647117 
17.645313 0.64158034 0.39624658 
17.665346 0.64186484 0.39602232 
17.685589 0.64215142 0.39579606 
17.70583 0.6424371 0.39557013 
17.726072 0.64272189 0.39534456 
17.746315 0.64300585 0.39511931 
17.766764 0.64329177 0.3948921 
17.787214 0.64357686 0.39466524 
17.807663 0.643861 0.39443874 
17.828112 0.6441443 0.39421257 
17.848763 0.6444295 0.39398453 
17.869413 0.64471376 0.39375684 
17.890064 0.64499712 0.3935295 
17.910715 0.64527959 0.39330253 
17.931599 0.64556432 0.39307338 
17.95248 0.6458481 0.39284456 
17.973364 0.64613104 0.39261612 
17.994246 0.64641297 0.39238805 
18.015345 0.64669698 0.39215797 
18.036442 0.64697999 0.39192826 
18.057541 0.6472621 0.39169893 
18.078638 0.64754325 0.39146996 
18.099966 0.64782655 0.39123887 
18.121292 0.6481089 0.39100814 
18.14262 0.64839029 0.39077783 
18.163948 0.64867079 0.39054784 
18.185513 0.64895344 0.39031571 
18.207077 0.64923507 0.39008397 
18.228642 0.64951581 0.38985258 
18.250206 0.64979553 0.38962159 
18.27202 0.65007758 0.38938832 
18.293835 0.65035862 0.38915542 
18.315651 0.6506387 0.38892293 
18.337465 0.65091777 0.3886908 
18.359537 0.65119916 0.38845637 
18.381607 0.6514796 0.38822234 
18.403679 0.65175897 0.38798869 
18.425751 0.65203738 0.38775542 
18.448084 0.65231812 0.38751981 
18.470419 0.65259784 0.38728461 
18.492754 0.6528765 0.38704979 
18.515087 0.65315419 0.3868154 
18.537697 0.65343428 0.38657853 
18.560307 0.65371329 0.38634208 
18.582914 0.65399128 0.38610604 
18.605524 0.65426826 0.38587043 
18.628426 0.65454775 0.38563222 
18.651325 0.65482616 0.38539442 
18.674225 0.6551035 0.38515705 
18.697124 0.65537983 0.38492009 
18.720324 0.6556586 0.38468051 
18.743521 0.65593636 0.38444135 
18.76672 0.65621305 0.38420263 
18.789917 0.6564886 0.38396433 
18.813431 0.65676683 0.38372326 
18.836945 0.65704393 0.38348261 
18.860458 0.65731996 0.38324243 
18.883972 0.65759486 0.38300267 
18.907831 0.65787268 0.38275987 
18.93169 0.65814936 0.38251752 
18.955547 0.65842485 0.38227564 
18.979406 0.65869927 0.38203421 
19.003624 0.65897661 0.38178962 
19.027843 0.65925282 0.38154548 
19.052061 0.65952784 0.38130182 
19.076279 0.65980166 0.38105863 
19.100887 0.66007876 0.38081202 
19.125494 0.66035461 0.38056588 
19.150103 0.66062921 0.38032025 
19.174711 0.66090268 0.38007507 
19.199738 0.66117954 0.37982622 
19.224766 0.66145515 0.37957788 
19.249794 0.66172951 0.37933001 
19.274822 0.66200262 0.37908265 
19.300316 0.66227955 0.37883121 
19.325809 0.66255516 0.3785803 
19.351303 0.66282952 0.37832987 
19.376797 0.66310257 0.37807998 
19.402819 0.66337991 0.37782544 
19.428841 0.66365588 0.37757143 
19.454861 0.66393054 0.37731797 
19.480883 0.66420382 0.37706503 
19.507505 0.66448206 0.37680683 
19.534128 0.66475886 0.37654915 
19.560749 0.66503423 0.37629205 
19.587372 0.66530818 0.37603551 
19.614714 0.66558808 0.37577263 
19.642054 0.66586649 0.37551031 
19.669394 0.66614336 0.37524861 
19.696735 0.66641879 0.37498748 
19.724972 0.66670161 0.3747184 
19.753206 0.66698289 0.37444997 
19.781443 0.66726255 0.37418216 
19.809677 0.66754061 0.37391496 
19.839174 0.66782933 0.37363651 
19.86867 0.66811633 0.37335873 
19.898165 0.6684016 0.37308162 
19.92766 0.66868508 0.37280521 
19.959536 0.66898948 0.37250724 
19.991411 0.66929185 0.37221006 
20.023289 0.66959214 0.37191364 
20.055164 0.6698904 0.371618 
20.089705 0.67021126 0.37129858 
20.124247 0.67052966 0.37098002 
20.158787 0.67084569 0.37066242 
20.193327 0.67115927 0.37034574 
20.225767 0.67145157 0.37004912 
20.258207 0.67174172 0.36975333 
20.290648 0.67202967 0.36945835 
20.323086 0.67231554 0.36916414 
20.353502 0.67258155 0.36888903 
20.383917 0.67284572 0.36861464 
20.414333 0.67310792 0.36834094 
20.444748 0.67336828 0.36806795 
20.474104 0.67361766 0.36780515 
20.503458 0.67386532 0.36754298 
20.532814 0.67411119 0.3672815 
20.562168 0.67435527 0.36702064 
20.590811 0.67459172 0.36676672 
20.619455 0.67482638 0.36651343 
20.648098 0.67505938 0.36626077 
20.676743 0.6752907 0.3660087 
20.704859 0.67551601 0.36576188 
20.732975 0.67573971 0.36551565 
20.761091 0.67596173 0.36527002 
20.789209 0.67618209 0.36502495 
20.816895 0.67639744 0.36478424 
20.844582 0.67661119 0.36454409 
20.872269 0.67682326 0.36430451 
20.899954 0.67703372 0.3640655 
20.92729 0.67723989 0.36383009 
20.954624 0.67744446 0.36359522 
20.981958 0.67764741 0.36336091 
21.009293 0.67784882 0.36312714 
21.036318 0.67804629 0.36289659 
21.063343 0.67824221 0.36266655 
21.090368 0.67843658 0.36243707 
21.117393 0.67862934 0.36220813 
21.144154 0.67881864 0.36198193 
21.170916 0.6790064 0.36175629 
21.197676 0.67919254 0.36153117 
21.224436 0.67937714 0.36130655 
21.250956 0.67955858 0.36108446 
21.277475 0.6797384 0.36086291 
21.303997 0.67991668 0.36064187 
21.330517 0.68009341 0.36042133 
21.356821 0.68026716 0.36020312 
21.383123 0.68043935 0.35998538 
21.409426 0.68061 0.35976818 
21.43573 0.6807791 0.35955146 
21.461832 0.6809454 0.35933688 
21.487936 0.68111014 0.35912278 
21.51404 0.68127334 0.35890922 
21.540144 0.68143505 0.3586961 
21.566059 0.68159401 0.35848501 
21.591976 0.68175143 0.3582744 
21.617893 0.68190736 0.35806429 
21.64381 0.68206173 0.35785466 
21.669548 0.68221354 0.35764694 
21.695284 0.68236375 0.3574397 
21.721022 0.68251252 0.35723296 
21.746758 0.68265969 0.35702667 
21.772327 0.68280441 0.35682219 
21.797895 0.68294758 0.35661817 
21.823465 0.6830892 0.35641465 
21.849035 0.68322933 0.35621157 
21.874453 0.68336707 0.35601014 
21.899872 0.68350333 0.35580918 
21.925291 0.68363804 0.35560867 
21.95071 0.68377119 0.35540864 
21.975971 0.68390203 0.35521027 
22.001234 0.68403131 0.35501236 
22.026495 0.6841591 0.35481489 
22.051758 0.68428534 0.35461789 
22.076872 0.68440926 0.35442248 
22.101988 0.68453175 0.35422748 
22.127104 0.68465263 0.35403296 
22.152218 0.68477201 0.35383886 
22.177198 0.6848892 0.35364625 
22.202179 0.68500489 0.35345408 
22.22716 0.68511903 0.35326234 
22.25214 0.68523163 0.35307103 
22.276981 0.68534207 0.35288125 
22.301823 0.68545097 0.35269186 
22.326664 0.68555832 0.35250291 
22.351505 0.68566412 0.35231441 
22.376215 0.68576783 0.35212734 
22.400925 0.68586999 0.35194066 
22.425632 0.6859706 0.35175443 
22.450342 0.68606967 0.35156861 
22.474932 0.68616676 0.35138413 
22.499521 0.68626225 0.35120004 
22.524111 0.68635619 0.35101637 
22.548702 0.68644857 0.35083312 
22.573172 0.68653899 0.35065117 
22.597643 0.68662786 0.35046965 
22.622114 0.68671513 0.35028854 
22.646584 0.68680084 0.35010782 
22.670933 0.68688458 0.34992844 
22.695282 0.68696678 0.34974942 
22.719631 0.68704736 0.34957084 
22.74398 0.6871264 0.34939265 
22.768211 0.68720347 0.34921572 
22.792444 0.68727905 0.3490392 
22.816677 0.68735296 0.34886307 
22.840908 0.68742532 0.34868735 
22.86504 0.68749583 0.34851277 
22.88917 0.68756473 0.34833857 
22.9133 0.68763208 0.34816477 
22.937429 0.68769783 0.34799138 
22.961454 0.68776166 0.34781912 
22.985477 0.68782395 0.34764725 
23.009502 0.68788463 0.3474758 
23.033525 0.6879437 0.34730473 
23.057459 0.68800098 0.34713468 
23.081392 0.68805665 0.34696504 
23.105326 0.68811071 0.34679577 
23.129259 0.68816316 0.34662688 
23.153101 0.68821377 0.34645903 
23.176943 0.68826276 0.34629157 
23.200785 0.68831021 0.34612447 
23.224627 0.68835598 0.34595776 
23.248375 0.68839991 0.34579208 
23.272125 0.68844229 0.34562677 
23.295874 0.688483 0.34546185 
23.319624 0.6885221 0.34529731 
23.3433 0.68855941 0.34513363 
23.366976 0.68859506 0.34497035 
23.390652 0.68862909 0.34480742 
23.41433 0.68866146 0.34464487 
23.437929 0.68869209 0.34448323 
23.461531 0.68872106 0.34432194 
23.48513 0.68874836 0.34416103 
23.508732 0.68877399 0.34400049 
23.532272 0.68879789 0.34384072 
23.555813 0.68882012 0.34368134 
23.579355 0.68884063 0.34352228 
23.602896 0.68885946 0.34336364 
23.62639 0.68887657 0.34320563 
23.649885 0.68889201 0.34304804 
23.67338 0.68890572 0.34289077 
23.696875 0.6889177 0.34273386 
23.720325 0.68892801 0.34257764 
23.743778 0.68893653 0.34242174 
23.767229 0.68894339 0.34226623 
23.790682 0.68894845 0.34211108 
23.814104 0.68895179 0.34195647 
23.837524 0.6889534 0.34180224 
23.860947 0.68895328 0.34164837 
23.884369 0.68895137 0.34149486 
23.907782 0.68894768 0.34134176 
23.931194 0.68894225 0.34118903 
23.954607 0.68893504 0.34103665 
23.97802 0.68892604 0.34088463 
24.001436 0.68891519 0.34073296 
24.024853 0.68890262 0.34058163 
24.048271 0.68888819 0.34043065 
24.071688 0.68887198 0.34028006 
24.095131 0.68885386 0.34012961 
24.118574 0.68883395 0.33997956 
24.142019 0.6888122 0.33982986 
24.165462 0.68878859 0.33968052 
24.188965 0.68876302 0.33953115 
24.212465 0.6887356 0.33938214 
24.235968 0.68870628 0.33923352 
24.25947 0.68867511 0.33908522 
24.28306 0.68864185 0.33893675 
24.306652 0.68860668 0.33878863 
24.330244 0.68856955 0.33864087 
24.353834 0.6885305 0.33849347 
24.377556 0.68848926 0.33834565 
24.401276 0.68844604 0.33819816 
24.424997 0.68840086 0.33805105 
24.448719 0.6883536 0.33790427 
24.472639 0.68830401 0.33775666 
24.496559 0.68825227 0.33760944 
24.520479 0.68819851 0.33746257 
24.544399 0.68814266 0.33731607 
24.568602 0.68808407 0.33716819 
24.592806 0.68802327 0.33702073 
24.61701 0.68796039 0.33687362 
24.641212 0.6878953 0.33672687 
24.665857 0.68782681 0.33657789 
24.6905 0.68775606 0.33642927 
24.715145 0.68768299 0.33628103 
24.73979 0.68760771 0.33613321 
24.76511 0.68752789 0.33598173 
24.79043 0.6874457 0.33583066 
24.815752 0.68736106 0.33568001 
24.841072 0.68727392 0.33552974 
24.867821 0.68717921 0.33537149 
24.894569 0.68708169 0.33521366 
24.921318 0.68698144 0.33505633 
24.948067 0.68687832 0.33489943 
24.980185 0.68675083 0.33471167 
25.012304 0.68661928 0.33452454 
25.044422 0.68648356 0.3343381 
25.07654 0.68634373 0.33415234 
25.102745 0.68622655 0.33400124 
25.128952 0.68610656 0.33385059 
25.155157 0.68598378 0.33370039 
25.181362 0.68585819 0.3335506 
25.20566 0.68573922 0.33341214 
25.229958 0.68561774 0.33327407 
25.254255 0.68549389 0.33313635 
25.278553 0.68536752 0.33299902 
25.301695 0.68524486 0.33286858 
25.324839 0.68511993 0.33273849 
25.347982 0.68499273 0.3326087 
25.371124 0.68486327 0.3324793 
25.393408 0.68473643 0.33235502 
25.415691 0.68460745 0.33223104 
25.437975 0.68447632 0.33210739 
25.460258 0.68434304 0.33198407 
25.48184 0.68421191 0.33186495 
25.50342 0.68407875 0.3317461 
25.525002 0.68394351 0.33162758 
25.546581 0.68380618 0.33150935 
25.567581 0.68367064 0.33139458 
25.588579 0.68353313 0.33128011 
25.609577 0.6833936 0.33116594 
25.630577 0.6832521 0.33105204 
25.651062 0.68311214 0.33094117 
25.671549 0.68297029 0.3308306 
25.692036 0.68282652 0.33072028 
25.712523 0.68268085 0.33061025 
25.732553 0.68253654 0.3305029 
25.752586 0.68239039 0.33039582 
25.772619 0.68224233 0.33028901 
25.792652 0.68209249 0.33018246 
25.812281 0.68194377 0.3300783 
25.831909 0.68179327 0.32997438 
25.851538 0.68164098 0.32987073 
25.871166 0.6814869 0.32976732 
25.890417 0.68133396 0.32966614 
25.909666 0.68117929 0.3295652 
25.928917 0.68102288 0.3294645 
25.948168 0.68086463 0.32936403 
25.967075 0.68070751 0.32926559 
25.985983 0.68054861 0.3291674 
26.004892 0.68038803 0.32906941 
26.0238 0.68022567 0.32897168 
26.042393 0.68006432 0.32887578 
26.060986 0.6799013 0.32878014 
26.079578 0.67973655 0.32868469 
26.098171 0.67957014 0.3285895 
26.116465 0.67940468 0.32849604 
26.134758 0.6792376 0.32840279 
26.153051 0.6790688 0.32830977 
26.171345 0.67889833 0.32821697 
26.189363 0.67872882 0.32812577 
26.207382 0.67855763 0.32803479 
26.225399 0.67838484 0.32794404 
26.243418 0.67821038 0.32785347 
26.261169 0.67803687 0.32776448 
26.278921 0.67786175 0.32767567 
26.296675 0.67768502 0.32758707 
26.314426 0.67750663 0.32749867 
26.331932 0.67732918 0.32741171 
26.349436 0.67715007 0.32732496 
26.36694 0.67696941 0.32723841 
26.384445 0.67678714 0.32715207 
26.401716 0.6766057 0.32706705 
26.418989 0.67642272 0.32698226 
26.436262 0.67623818 0.32689762 
26.453533 0.67605203 0.32681322 
26.470585 0.67586666 0.32673007 
26.487635 0.6756798 0.32664713 
26.504684 0.67549139 0.32656437 
26.521736 0.67530143 0.32648182 
26.538576 0.67511219 0.32640046 
26.555416 0.67492151 0.32631931 
26.572258 0.67472923 0.3262383 
26.589098 0.67453545 0.32615754 
26.60573 0.67434251 0.32607794 
26.62236 0.67414808 0.32599851 
26.638992 0.6739521 0.32591927 
26.655624 0.67375463 0.32584023 
26.672064 0.67355794 0.32576227 
26.688505 0.67335969 0.32568449 
26.704947 0.67315996 0.32560688 
26.721388 0.67295873 0.32552946 
26.737646 0.67275822 0.32545307 
26.753906 0.67255628 0.32537687 
26.770164 0.67235279 0.32530084 
26.786423 0.67214781 0.325225 
26.802505 0.6719436 0.32515013 
26.818586 0.67173791 0.32507545 
26.834669 0.67153078 0.32500097 
26.850752 0.67132211 0.32492664 
26.866665 0.67111421 0.32485324 
26.88258 0.67090482 0.32478005 
26.898493 0.67069399 0.324707 
26.914408 0.67048168 0.32463413 
26.930162 0.67027003 0.32456219 
26.945915 0.670057 0.3244904 
26.96167 0.66984248 0.32441875 
26.977423 0.66962647 0.32434732 
26.993015 0.6694113 0.32427678 
27.008606 0.6691947 0.32420638 
27.024197 0.66897666 0.32413617 
27.039787 0.6687572 0.3240661 
27.055237 0.66853827 0.32399687 
27.070686 0.66831791 0.32392779 
27.086136 0.66809613 0.32385886 
27.101585 0.66787297 0.3237901 
27.116892 0.6676504 0.32372215 
27.132198 0.66742647 0.32365435 
27.147505 0.66720104 0.3235867 
27.162811 0.66697425 0.32351923 
27.177977 0.66674817 0.32345256 
27.19314 0.66652066 0.32338601 
27.208303 0.66629177 0.32331964 
27.223469 0.66606146 0.32325345 
27.238495 0.66583186 0.32318801 
27.253523 0.66560084 0.32312271 
27.268549 0.66536844 0.32305756 
27.283577 0.66513461 0.32299259 
27.298483 0.66490132 0.32292831 
27.313391 0.66466659 0.32286415 
27.328297 0.6644305 0.32280016 
27.343204 0.66419303 0.32273632 
27.357986 0.66395617 0.32267317 
27.37277 0.66371793 0.3226102 
27.387552 0.66347826 0.32254735 
27.402336 0.66323727 0.32248467 
27.417006 0.66299671 0.32242262 
27.431677 0.66275483 0.32236072 
27.446346 0.66251153 0.32229897 
27.461018 0.66226685 0.32223737 
27.475569 0.66202283 0.32217643 
27.49012 0.66177744 0.32211563 
27.504671 0.66153067 0.32205501 
27.519222 0.6612826 0.32199451 
27.533674 0.66103482 0.32193458 
27.548124 0.66078568 0.32187483 
27.562576 0.66053522 0.32181519 
27.577026 0.66028339 0.32175574 
27.591368 0.66003215 0.32169685 
27.605707 0.65977961 0.32163814 
27.620047 0.65952569 0.32157958 
27.634386 0.65927041 0.32152116 
27.648621 0.65901566 0.32146332 
27.662857 0.65875959 0.32140562 
27.677092 0.65850216 0.32134807 
27.691328 0.65824336 0.32129067 
27.705477 0.65798485 0.32123378 
27.719625 0.65772498 0.32117704 
27.733772 0.65746385 0.32112041 
27.747921 0.65720129 0.32106397 
27.761974 0.65693921 0.32100803 
27.776028 0.65667582 0.32095224 
27.790081 0.65641111 0.3208966 
27.804134 0.65614504 0.3208411 
27.818094 0.65587938 0.32078612 
27.832054 0.65561247 0.32073125 
27.846016 0.65534419 0.32067657 
27.859976 0.6550746 0.32062203 
27.873863 0.65480506 0.32056791 
27.887749 0.65453428 0.32051393 
27.901636 0.65426219 0.32046011 
27.915524 0.65398872 0.32040644 
27.929321 0.65371573 0.32035324 
27.943121 0.65344143 0.32030016 
27.956919 0.65316576 0.32024726 
27.970718 0.65288883 0.32019448 
27.984438 0.65261215 0.32014218 
27.998159 0.65233415 0.32009 
28.011879 0.65205491 0.32003796 
28.025599 0.65177429 0.31998608 
28.039251 0.65149379 0.31993458 
28.052902 0.65121198 0.31988323 
28.066555 0.65092891 0.31983203 
28.080208 0.65064448 0.31978098 
28.09379 0.65036023 0.31973031 
28.107372 0.65007466 0.3196798 
28.120956 0.64978784 0.3196294 
28.134539 0.64949965 0.31957918 
28.148056 0.64921165 0.31952932 
28.161573 0.64892226 0.31947964 
28.175091 0.64863163 0.31943008 
28.188608 0.64833969 0.31938067 
28.202061 0.64804786 0.31933162 
28.215513 0.64775473 0.31928271 
28.228966 0.64746034 0.31923395 
28.242418 0.64716464 0.31918535 
28.255816 0.64686888 0.3191371 
28.269211 0.64657187 0.31908897 
28.282606 0.64627355 0.31904098 
28.296003 0.64597398 0.31899315 
28.309345 0.64567429 0.31894565 
28.322689 0.64537328 0.31889829 
28.336031 0.64507103 0.31885108 
28.349375 0.64476746 0.318804 
28.362667 0.64446378 0.31875724 
28.375959 0.64415878 0.31871063 
28.389254 0.64385253 0.31866416 
28.402546 0.64354503 0.31861785 
28.415791 0.64323735 0.31857184 
28.429033 0.64292842 0.31852597 
28.442276 0.64261818 0.31848022 
28.455519 0.64230669 0.31843466 
28.468721 0.64199489 0.31838936 
28.481924 0.64168179 0.31834421 
28.495127 0.64136744 0.3182992 
28.508329 0.64105177 0.31825432 
28.521492 0.64073581 0.31820974 
28.534655 0.64041853 0.3181653 
28.547817 0.6401 0.31812099 
28.56098 0.63978022 0.31807685 
28.57411 0.63945997 0.31803295 
28.587238 0.6391384 0.3179892 
28.600368 0.63881564 0.3179456 
28.613497 0.63849151 0.31790212 
28.626595 0.63816696 0.3178589 
28.63969 0.63784117 0.31781587 
28.652788 0.63751405 0.31777292 
28.665884 0.63718569 0.31773016 
28.678953 0.63685673 0.31768763 
28.692024 0.63652653 0.31764525 
28.705093 0.636195 0.31760299 
28.718163 0.63586223 0.31756088 
28.731209 0.63552874 0.31751901 
28.744257 0.635194 0.31747729 
28.757303 0.63485795 0.31743571 
28.77035 0.63452065 0.31739429 
28.783377 0.63418263 0.31735304 
28.796406 0.6338433 0.31731197 
28.809433 0.63350266 0.31727105 
28.82246 0.63316077 0.31723025 
28.835476 0.63281792 0.31718966 
28.848494 0.63247377 0.31714922 
28.861511 0.63212836 0.31710893 
28.874529 0.63178164 0.31706879 
28.887541 0.63143378 0.31702879 
28.900555 0.63108462 0.31698897 
28.913567 0.63073421 0.31694931 
28.92658 0.63038248 0.31690976 
28.939587 0.63002968 0.31687042 
28.952595 0.62967557 0.3168312 
28.965603 0.62932014 0.31679216 
28.978611 0.62896347 0.31675327 
28.991625 0.62860537 0.3167145 
29.004639 0.62824601 0.3166759 
29.017653 0.62788534 0.31663743 
29.030664 0.62752336 0.31659913 
29.04369 0.62715983 0.31656098 
29.056713 0.62679505 0.31652296 
29.069736 0.62642896 0.31648511 
29.082762 0.62606156 0.31644741 
29.095798 0.62569249 0.31640983 
29.108837 0.62532216 0.31637239 
29.121874 0.62495053 0.31633514 
29.134912 0.62457764 0.31629804 
29.147976 0.62420267 0.31626102 
29.161039 0.62382638 0.31622419 
29.174103 0.62344885 0.3161875 
29.187168 0.62307 0.31615096 
29.20027 0.62268877 0.31611449 
29.213371 0.62230617 0.31607819 
29.226473 0.62192237 0.31604204 
29.239574 0.62153721 0.31600606 
29.252712 0.62114972 0.31597018 
29.265848 0.62076092 0.31593445 
29.278986 0.62037081 0.31589887 
29.292122 0.61997938 0.31586346 
29.305315 0.61958498 0.31582808 
29.318508 0.61918926 0.31579289 
29.331699 0.61879224 0.31575784 
29.344893 0.6183939 0.31572297 
29.35815 0.61799222 0.3156881 
29.371408 0.61758924 0.31565344 
29.384666 0.61718494 0.31561893 
29.397924 0.61677933 0.31558457 
29.411266 0.61636978 0.31555021 
29.424606 0.61595893 0.31551602 
29.437948 0.6155467 0.31548202 
29.45129 0.61513317 0.31544816 
29.464724 0.61471534 0.31541428 
29.478159 0.61429614 0.3153806 
29.491594 0.61387563 0.31534708 
29.505028 0.61345375 0.31531376 
29.518581 0.61302674 0.31528032 
29.532135 0.61259836 0.31524706 
29.545689 0.61216861 0.31521401 
29.559242 0.61173749 0.31518117 
29.572941 0.61130029 0.31514814 
29.586641 0.61086172 0.31511533 
29.60034 0.61042172 0.3150827 
29.61404 0.60998029 0.31505027 
29.62792 0.6095317 0.31501764 
29.641798 0.60908163 0.31498519 
29.655678 0.60863018 0.31495297 
29.669556 0.60817724 0.31492093 
29.683664 0.60771537 0.3148886 
29.697773 0.607252 0.31485647 
29.711882 0.6067872 0.31482458 
29.72599 0.60632092 0.31479287 
29.740395 0.60584325 0.31476074 
29.754801 0.60536408 0.31472886 
29.769207 0.60488337 0.31469718 
29.783611 0.60440111 0.31466573 
29.798445 0.603903 0.31463361 
29.81328 0.60340321 0.31460172 
29.828114 0.60290182 0.31457007 
29.842947 0.60239881 0.31453869 
29.858469 0.60187072 0.31450608 
29.873993 0.60134089 0.31447378 
29.889515 0.60080928 0.31444174 
29.905039 0.60027593 0.31441 
29.921848 0.5996964 0.31437591 
29.938658 0.59911484 0.31434217 
29.955467 0.59853119 0.31430876 
29.972277 0.59794557 0.31427565 
29.990942 0.59729296 0.31423932 
30.009605 0.59663785 0.31420338 
30.028269 0.59598023 0.31416786 
30.046934 0.59532017 0.31413275 
30.063282 0.59473997 0.31410235 
30.079632 0.59415787 0.31407225 
30.09598 0.59357387 0.31404251 
30.112329 0.59298801 0.31401306 
30.127542 0.59244114 0.31398597 
30.142756 0.59189266 0.31395918 
30.157969 0.59134263 0.31393266 
30.173182 0.59079093 0.31390643 
30.187752 0.59026104 0.31388158 
30.202322 0.58972973 0.31385699 
30.216892 0.58919692 0.31383267 
30.231461 0.58866268 0.31380862 
30.245579 0.58814371 0.31378558 
30.259695 0.5876233 0.31376278 
30.273813 0.58710158 0.31374025 
30.28793 0.58657849 0.31371796 
30.301699 0.58606702 0.31369647 
30.315468 0.5855543 0.31367525 
30.329235 0.58504027 0.31365427 
30.343004 0.58452505 0.31363353 
30.356493 0.58401901 0.31361347 
30.369982 0.58351183 0.31359363 
30.383469 0.5830034 0.31357405 
30.396957 0.58249378 0.3135547 
30.410219 0.58199161 0.3135359 
30.423479 0.58148825 0.31351736 
30.436739 0.58098382 0.31349903 
30.450001 0.58047819 0.31348097 
30.46306 0.57997912 0.31346342 
30.47612 0.57947892 0.31344607 
30.489182 0.57897764 0.31342897 
30.502241 0.5784753 0.31341213 
30.515127 0.57797849 0.31339571 
30.528015 0.57748073 0.31337953 
30.540901 0.57698184 0.31336358 
30.553787 0.57648194 0.31334788 
30.566526 0.57598674 0.31333259 
30.579266 0.57549059 0.31331751 
30.592003 0.57499337 0.31330267 
30.604742 0.5744952 0.31328806 
30.617342 0.57400137 0.31327385 
30.629942 0.57350659 0.31325984 
30.642544 0.57301086 0.31324607 
30.655144 0.57251418 0.31323254 
30.667625 0.57202119 0.31321937 
30.680107 0.5715273 0.3132064 
30.692589 0.57103246 0.31319368 
30.70507 0.57053667 0.31318119 
30.717451 0.57004398 0.31316903 
30.729832 0.5695504 0.31315708 
30.742214 0.56905586 0.31314537 
30.754595 0.56856048 0.3131339 
30.766878 0.56806803 0.31312272 
30.779163 0.56757474 0.31311178 
30.791447 0.56708056 0.31310108 
30.803732 0.56658554 0.31309059 
30.815931 0.56609303 0.31308043 
30.828133 0.56559962 0.31307048 
30.840334 0.56510538 0.31306076 
30.852535 0.5646103 0.31305125 
30.864662 0.56411743 0.31304204 
30.876789 0.56362367 0.31303307 
30.888918 0.56312913 0.31302434 
30.901045 0.56263375 0.31301582 
30.913103 0.56214041 0.31300756 
30.925161 0.56164628 0.31299958 
30.937218 0.56115139 0.3129918 
30.949276 0.56065565 0.31298426 
30.961269 0.56016189 0.31297699 
30.973261 0.55966729 0.31296995 
30.985254 0.55917197 0.31296313 
30.997246 0.55867589 0.31295657 
31.009184 0.55818129 0.31295025 
31.021122 0.55768597 0.31294417 
31.03306 0.55718988 0.31293833 
31.044998 0.55669308 0.31293273 
31.056892 0.55619735 0.31292737 
31.068789 0.5557009 0.31292224 
31.080683 0.55520374 0.31291738 
31.092577 0.55470586 0.31291273 
31.104424 0.55420923 0.31290832 
31.116272 0.55371189 0.31290418 
31.12812 0.55321383 0.31290027 
31.139967 0.55271512 0.31289658 
31.151773 0.55221748 0.31289318 
31.16358 0.55171919 0.31288999 
31.175386 0.55122018 0.31288704 
31.187193 0.55072051 0.31288433 
31.198967 0.5502215 0.31288189 
31.210741 0.54972184 0.31287968 
31.222515 0.54922158 0.31287771 
31.234289 0.5487206 0.31287599 
31.24604 0.54822004 0.3128745 
31.257792 0.54771882 0.31287327 
31.269543 0.54721695 0.31287229 
31.281294 0.54671443 0.31287155 
31.293018 0.54621243 0.31287104 
31.304745 0.54570979 0.3128708 
31.316469 0.54520655 0.3128708 
31.328196 0.54470271 0.31287107 
31.339899 0.54419923 0.31287158 
31.351601 0.54369509 0.31287232 
31.363304 0.54319042 0.31287333 
31.375008 0.54268515 0.31287459 
31.386698 0.54217988 0.31287611 
31.398386 0.54167402 0.31287786 
31.410076 0.54116762 0.31287989 
31.421766 0.54066062 0.31288216 
31.433445 0.5401535 0.31288469 
31.445126 0.53964579 0.31288749 
31.456806 0.53913754 0.31289053 
31.468485 0.53862876 0.31289384 
31.480158 0.53811979 0.31289741 
31.491829 0.53761023 0.31290123 
31.5035 0.5371002 0.31290534 
31.515173 0.53658962 0.31290969 
31.526836 0.53607887 0.31291431 
31.5385 0.53556758 0.3129192 
31.550163 0.53505576 0.31292436 
31.561827 0.53454345 0.31292978 
31.573498 0.53403032 0.31293547 
31.585169 0.53351665 0.31294143 
31.59684 0.5330025 0.31294766 
31.608511 0.53248787 0.31295416 
31.620186 0.53197253 0.31296095 
31.631863 0.53145665 0.31296802 
31.643539 0.53094029 0.31297535 
31.655214 0.53042352 0.31298295 
31.666901 0.52990586 0.31299084 
31.678585 0.52938765 0.31299901 
31.690269 0.52886903 0.31300747 
31.701956 0.52835 0.31301624 
31.713663 0.52782947 0.31302527 
31.72537 0.52730846 0.31303459 
31.737078 0.52678704 0.31304422 
31.748785 0.52626514 0.31305411 
31.760515 0.52574176 0.31306434 
31.772247 0.52521789 0.31307483 
31.783979 0.52469367 0.31308562 
31.795712 0.52416891 0.3130967 
31.80747 0.5236426 0.31310812 
31.819229 0.52311581 0.31311983 
31.830988 0.52258861 0.31313184 
31.842747 0.52206099 0.31314418 
31.854538 0.52153152 0.31315681 
31.866329 0.5210017 0.31316978 
31.87812 0.52047139 0.31318301 
31.889912 0.51994073 0.3131966 
31.901754 0.51940739 0.31321052 
31.913595 0.51887369 0.31322476 
31.925436 0.51833963 0.31323931 
31.937277 0.51780516 0.31325421 
31.949175 0.51726776 0.31326947 
31.961071 0.51673007 0.31328502 
31.972967 0.51619196 0.31330094 
31.984863 0.51565349 0.31331715 
31.996826 0.51511163 0.31333381 
32.008789 0.5145694 0.31335077 
32.020756 0.51402676 0.31336808 
32.032719 0.51348382 0.31338573 
32.044765 0.51293671 0.31340382 
32.056812 0.51238924 0.31342226 
32.068859 0.51184148 0.31344104 
32.08091 0.51129329 0.31346014 
32.093048 0.51074058 0.31347975 
32.10519 0.51018757 0.31349972 
32.117329 0.50963414 0.31352004 
32.129471 0.50908047 0.31354073 
32.141731 0.50852096 0.31356195 
32.153988 0.50796115 0.31358355 
32.166248 0.50740105 0.31360552 
32.178509 0.50684059 0.31362784 
32.190918 0.50627297 0.31365085 
32.203327 0.50570506 0.31367418 
32.215736 0.50513685 0.31369793 
32.228146 0.50456828 0.31372204 
32.240742 0.50399107 0.31374693 
32.253334 0.5034135 0.3137722 
32.265926 0.50283569 0.31379786 
32.278519 0.50225759 0.31382394 
32.291344 0.50166851 0.31385088 
32.304165 0.5010792 0.31387827 
32.31699 0.50048953 0.31390607 
32.329815 0.49989963 0.3139343 
32.342953 0.49929503 0.31396365 
32.356087 0.49869016 0.31399345 
32.369225 0.49808499 0.3140237 
32.382362 0.49747953 0.31405443 
32.395962 0.49685243 0.31408668 
32.409565 0.496225 0.31411946 
32.423164 0.49559733 0.31415269 
32.436768 0.49496937 0.31418642 
32.451191 0.49430314 0.31422275 
32.465614 0.49363661 0.31425965 
32.480038 0.49296981 0.31429711 
32.494461 0.49230272 0.31433511 
32.510082 0.4915798 0.31437695 
32.525707 0.49085659 0.31441942 
32.541332 0.49013305 0.3144626 
32.556953 0.48940921 0.31450644 
32.573906 0.48862359 0.31455478 
32.590855 0.48783761 0.31460395 
32.607807 0.48705134 0.3146539 
32.624756 0.48626474 0.31470469 
32.639439 0.48558316 0.31474936 
32.654121 0.48490134 0.31479463 
32.668804 0.48421931 0.31484053 
32.683487 0.48353708 0.31488705 
32.69733 0.48289359 0.31493148 
32.711174 0.48224989 0.31497648 
32.725021 0.48160604 0.31502208 
32.738865 0.48096204 0.31506822 
32.752235 0.48034003 0.31511331 
32.765602 0.47971788 0.31515893 
32.778973 0.47909558 0.31520513 
32.792339 0.47847316 0.31525183 
32.805397 0.47786516 0.31529796 
32.818455 0.47725704 0.31534463 
32.831509 0.47664884 0.31539181 
32.844566 0.47604048 0.31543952 
32.857437 0.47544068 0.31548706 
32.870308 0.47484076 0.3155351 
32.883179 0.47424075 0.31558368 
32.896049 0.47364065 0.31563279 
32.908859 0.4730432 0.31568217 
32.921673 0.47244564 0.31573206 
32.934486 0.47184798 0.31578249 
32.947296 0.47125027 0.31583345 
32.960255 0.47064579 0.31588548 
32.973209 0.47004122 0.31593809 
32.986168 0.46943659 0.31599122 
32.999123 0.46883187 0.3160449 
33.012661 0.46819997 0.31610158 
33.026196 0.46756804 0.31615883 
33.039734 0.46693602 0.31621671 
33.053272 0.46630394 0.31627518 
33.066021 0.46570861 0.31633082 
33.07877 0.46511322 0.316387 
33.091518 0.46451777 0.31644371 
33.104271 0.46392232 0.31650099 
33.11623 0.46336374 0.3165552 
33.128189 0.46280512 0.31660989 
33.140148 0.46224651 0.31666505 
33.152107 0.46168783 0.31672075 
33.16357 0.4611524 0.31677455 
33.17503 0.46061698 0.31682882 
33.186493 0.46008152 0.31688353 
33.197956 0.45954603 0.31693873 
33.209042 0.45902798 0.31699255 
33.220131 0.45850992 0.31704679 
33.23122 0.45799187 0.31710148 
33.24231 0.45747381 0.31715658 
33.253098 0.45696986 0.31721061 
33.263882 0.4564659 0.31726506 
33.27467 0.45596194 0.31731993 
33.285458 0.45545799 0.31737518 
33.295982 0.45496625 0.31742954 
33.306507 0.45447454 0.31748426 
33.317036 0.45398283 0.31753939 
33.32756 0.45349112 0.31759495 
33.337864 0.45300981 0.31764969 
33.348167 0.45252851 0.31770483 
33.358471 0.45204723 0.31776038 
33.368774 0.45156598 0.31781629 
33.378872 0.45109442 0.31787148 
33.388966 0.45062289 0.31792703 
33.399063 0.45015138 0.31798297 
33.409157 0.44967988 0.31803927 
33.419079 0.44921657 0.318095 
33.429001 0.44875333 0.31815106 
33.438923 0.44829008 0.3182075 
33.448845 0.44782686 0.31826434 
33.458599 0.44737133 0.31832057 
33.468357 0.44691584 0.3183772 
33.478115 0.44646037 0.31843415 
33.487869 0.44600493 0.31849149 
33.497482 0.44555631 0.31854832 
33.507095 0.4451077 0.31860551 
33.516708 0.44465914 0.31866309 
33.526321 0.44421059 0.318721 
33.535793 0.44376862 0.3187784 
33.545265 0.44332671 0.31883618 
33.554737 0.44288483 0.3188943 
33.564209 0.44244298 0.31895277 
33.573551 0.44200715 0.31901079 
33.582897 0.44157138 0.31906918 
33.592239 0.44113564 0.31912789 
33.601582 0.44069993 0.31918696 
33.610817 0.44026947 0.31924564 
33.620049 0.43983904 0.3193047 
33.62928 0.43940866 0.31936407 
33.638515 0.43897834 0.31942379 
33.647636 0.43855318 0.31948316 
33.656761 0.43812805 0.31954286 
33.665882 0.43770298 0.31960288 
33.675007 0.43727797 0.31966326 
33.684032 0.43685755 0.31972331 
33.693054 0.43643719 0.31978369 
33.70208 0.43601689 0.31984442 
33.711105 0.43559664 0.31990549 
33.720036 0.43518096 0.3199662 
33.728962 0.43476534 0.32002726 
33.737892 0.43434975 0.32008865 
33.746819 0.43393424 0.32015041 
33.755665 0.43352258 0.32021189 
33.764511 0.43311095 0.3202737 
33.773357 0.43269941 0.32033587 
33.782207 0.43228793 0.32039833 
33.79097 0.43188038 0.32046056 
33.799732 0.43147293 0.32052308 
33.808495 0.4310655 0.32058597 
33.817257 0.43065816 0.32064915 
33.825947 0.43025428 0.32071215 
33.834637 0.42985046 0.32077545 
33.843327 0.4294467 0.32083908 
33.852016 0.42904302 0.32090306 
33.860638 0.42864275 0.32096681 
33.869255 0.42824253 0.32103088 
33.877872 0.42784241 0.32109529 
33.88649 0.42744234 0.32115999 
33.89505 0.42704511 0.3212246 
33.903606 0.4266479 0.32128951 
33.912167 0.42625082 0.32135478 
33.920727 0.42585376 0.32142034 
33.929226 0.42545956 0.32148576 
33.937725 0.42506543 0.3215515 
33.946224 0.42467138 0.32161757 
33.954723 0.4242774 0.32168397 
33.963169 0.42388609 0.32175025 
33.971611 0.42349488 0.32181683 
33.980057 0.42310372 0.32188377 
33.988499 0.42271265 0.321951 
33.996895 0.42232394 0.32201815 
34.005291 0.42193529 0.32208565 
34.013683 0.42154673 0.32215345 
34.022079 0.42115828 0.32222155 
34.030434 0.42077184 0.32228965 
34.038784 0.42038548 0.32235807 
34.047138 0.41999921 0.3224268 
34.055492 0.41961306 0.32249588 
34.063808 0.4192287 0.32256493 
34.072121 0.41884443 0.32263431 
34.080437 0.41846025 0.32270402 
34.088753 0.41807616 0.32277405 
34.097034 0.41769373 0.32284412 
34.10532 0.41731137 0.32291451 
34.113602 0.41692913 0.3229852 
34.121883 0.41654697 0.32305622 
34.130135 0.41616631 0.32312733 
34.13839 0.41578573 0.32319874 
34.146641 0.41540524 0.32327044 
34.154892 0.41502488 0.3233425 
34.163124 0.41464558 0.32341468 
34.171356 0.41426641 0.32348719 
34.179585 0.41388735 0.32356003 
34.187817 0.41350836 0.32363319 
34.19603 0.41313034 0.32370651 
34.204243 0.41275242 0.32378015 
34.212456 0.41237462 0.32385412 
34.220669 0.41199693 0.32392842 
34.228874 0.41161972 0.32400295 
34.23708 0.4112426 0.32407781 
34.245285 0.41086563 0.32415301 
34.25349 0.41048875 0.32422855 
34.261692 0.41011217 0.32430437 
34.269894 0.40973571 0.32438052 
34.278095 0.4093594 0.32445699 
34.286297 0.40898317 0.32453379 
34.294498 0.40860707 0.32461095 
34.302704 0.40823105 0.3246884 
34.310905 0.40785518 0.32476622 
34.319107 0.40747947 0.32484436 
34.327324 0.40710324 0.32492298 
34.335541 0.40672716 0.32500193 
34.343758 0.40635121 0.3250812 
34.351971 0.40597537 0.32516083 
34.360214 0.40559852 0.32524103 
34.368458 0.40522179 0.32532158 
34.376701 0.40484518 0.3254025 
34.384941 0.40446874 0.32548374 
34.393215 0.40409106 0.32556561 
34.401489 0.40371352 0.32564783 
34.409763 0.40333614 0.32573041 
34.418034 0.4029589 0.32581335 
34.426357 0.40257961 0.32589713 
34.434681 0.40220043 0.32598126 
34.443001 0.40182143 0.32606575 
34.451324 0.40144262 0.32615057 
34.459717 0.40106079 0.32623649 
34.468109 0.40067911 0.32632276 
34.476501 0.40029761 0.3264094 
34.484894 0.39991632 0.32649639 
34.493378 0.39953101 0.32658473 
34.501862 0.39914587 0.32667342 
34.510345 0.39876094 0.3267625 
34.518829 0.3983762 0.32685193 
34.527447 0.39798573 0.32694316 
34.53606 0.39759547 0.32703474 
34.544674 0.39720541 0.32712674 
34.553288 0.39681557 0.3272191 
34.562092 0.39641738 0.3273139 
34.570896 0.39601943 0.32740912 
34.579697 0.39562169 0.32750475 
34.588501 0.39522418 0.32760078 
34.597614 0.39481282 0.32770064 
34.606731 0.39440173 0.32780096 
34.615845 0.3939909 0.32790172 
34.624958 0.39358032 0.32800293 
34.634716 0.39314118 0.32811174 
34.64447 0.39270234 0.32822102 
34.654224 0.39226383 0.32833087 
34.663979 0.39182562 0.3284412 
34.67453 0.39135185 0.32856116 
34.685085 0.3908785 0.32868171 
34.695637 0.39040551 0.32880285 
34.706188 0.38993287 0.32892463 
34.715466 0.38951778 0.32903215 
34.724739 0.389103 0.32914016 
34.734016 0.38868853 0.32924861 
34.743294 0.38827434 0.32935756 
34.752052 0.38788339 0.32946089 
34.760815 0.38749275 0.32956466 
34.769577 0.38710234 0.32966885 
34.778339 0.38671225 0.32977349 
34.786781 0.38633671 0.32987466 
34.795223 0.38596144 0.32997626 
34.803665 0.38558644 0.33007824 
34.812103 0.38521174 0.33018062 
34.820312 0.38484767 0.33028054 
34.828518 0.3844839 0.33038083 
34.836727 0.38412037 0.3304815 
34.844933 0.38375714 0.33058256 
34.852959 0.38340232 0.33068171 
34.860981 0.38304773 0.33078125 
34.869007 0.38269344 0.33088112 
34.877029 0.38233942 0.33098137 
34.884899 0.3819924 0.33108008 
34.892773 0.38164568 0.33117911 
34.900642 0.3812992 0.3312785 
34.908512 0.38095301 0.33137825 
34.916256 0.38061267 0.33147672 
34.924004 0.3802726 0.33157554 
34.931747 0.37993282 0.3316747 
34.939491 0.37959331 0.3317742 
34.947124 0.3792589 0.33187264 
34.954758 0.37892479 0.33197138 
34.962391 0.37859094 0.33207047 
34.970024 0.37825739 0.33216989 
34.977566 0.37792808 0.33226845 
34.985111 0.37759906 0.33236733 
34.992653 0.37727031 0.33246654 
35.000195 0.37694183 0.33256608 
