0 0.82472157 0.26168796 
0.045691296 0.82449162 0.26169354 
0.091382593 0.82425988 0.26169917 
0.13707389 0.82402635 0.26170483 
0.18276519 0.82379097 0.26171052 
0.22774898 0.82355744 0.26171619 
0.27273276 0.82332206 0.26172188 
0.31771657 0.82308489 0.2617276 
0.36270034 0.82284582 0.26173338 
0.40699497 0.82260859 0.2617391 
0.45128959 0.82236952 0.26174486 
0.49558422 0.82212859 0.26175067 
0.53987885 0.82188576 0.26175654 
0.58350331 0.82164478 0.26176232 
0.62712777 0.82140189 0.26176816 
0.67075217 0.82115716 0.26177406 
0.71437663 0.82091045 0.26177996 
0.75734377 0.82066566 0.26178584 
0.80031091 0.82041895 0.26179177 
0.84327799 0.82017034 0.26179773 
0.88624513 0.81991976 0.26180372 
0.9285692 0.81967103 0.26180968 
0.9708932 0.8194204 0.26181567 
1.0132172 0.81916785 0.26182172 
1.0555413 0.81891334 0.2618278 
1.0972414 0.81866062 0.26183382 
1.1389415 0.81840599 0.2618399 
1.1806415 0.81814939 0.26184601 
1.2223417 0.81789082 0.26185217 
1.2634288 0.81763405 0.26185828 
1.3045161 0.81737536 0.26186442 
1.3456032 0.81711465 0.26187062 
1.3866904 0.81685197 0.26187688 
1.4271784 0.81659108 0.26188305 
1.4676663 0.81632823 0.26188931 
1.5081543 0.8160634 0.26189557 
1.5486422 0.81579649 0.26190192 
1.5885471 0.81553143 0.26190817 
1.6284519 0.81526434 0.26191449 
1.6683569 0.81499517 0.26192087 
1.7082617 0.81472403 0.26192728 
1.7475921 0.81445467 0.26193362 
1.7869225 0.81418329 0.26194003 
1.8262527 0.81390983 0.2619465 
1.8655831 0.81363434 0.261953 
1.9043573 0.81336063 0.26195943 
1.9431316 0.81308484 0.26196593 
1.9819057 0.81280696 0.26197249 
2.02068 0.81252694 0.26197907 
2.0589144 0.81224877 0.2619856 
2.0971489 0.81196845 0.26199219 
2.1353834 0.81168604 0.26199883 
2.1736178 0.81140143 0.26200551 
2.2113156 0.81111872 0.26201212 
2.2490134 0.81083387 0.2620188 
2.2867115 0.81054688 0.26202554 
2.3244092 0.81025773 0.2620323 
2.3615923 0.80997032 0.26203904 
2.3987756 0.80968076 0.2620458 
2.4359586 0.80938905 0.26205263 
2.4731417 0.80909508 0.26205948 
2.5098181 0.80880296 0.2620663 
2.5464942 0.80850863 0.26207316 
2.5831707 0.8082121 0.26208007 
2.6198468 0.8079133 0.26208705 
2.6560307 0.80761635 0.26209396 
2.6922143 0.80731714 0.26210093 
2.7283978 0.80701566 0.26210797 
2.7645817 0.80671191 0.26211503 
2.8002882 0.80640996 0.26212204 
2.835995 0.80610567 0.26212913 
2.8717017 0.80579919 0.26213625 
2.9074082 0.80549031 0.2621434 
2.9426484 0.80518329 0.26215053 
2.9778883 0.80487388 0.26215771 
3.0131285 0.80456221 0.26216495 
3.0483685 0.80424815 0.26217222 
3.0831525 0.80393589 0.26217946 
3.1179364 0.80362123 0.26218674 
3.1527205 0.80330431 0.26219407 
3.1875043 0.80298495 0.26220146 
3.2218471 0.80266732 0.26220882 
3.2561896 0.8023473 0.26221621 
3.2905324 0.8020249 0.26222366 
3.3248751 0.80170012 0.26223117 
3.358789 0.80137694 0.26223862 
3.3927028 0.80105138 0.26224613 
3.4266167 0.80072343 0.2622537 
3.4605308 0.80039299 0.26226133 
3.4940288 0.80006421 0.2622689 
3.5275269 0.79973298 0.26227653 
3.5610249 0.79939926 0.26228422 
3.5945227 0.79906309 0.26229197 
3.6276145 0.79872847 0.26229966 
3.6607063 0.7983914 0.26230741 
3.6937981 0.79805189 0.26231521 
3.7268898 0.79770976 0.26232308 
3.7595921 0.79736918 0.26233092 
3.7922943 0.7970261 0.26233879 
3.8249965 0.79668045 0.26234674 
3.8576987 0.79633224 0.26235473 
3.8900232 0.79598552 0.26236269 
3.9223475 0.79563624 0.26237071 
3.9546719 0.79528433 0.26237878 
3.9869964 0.79492986 0.26238692 
4.0189548 0.79457676 0.26239499 
4.0509129 0.7942211 0.26240316 
4.0828714 0.79386276 0.26241139 
4.1148295 0.79350179 0.26241964 
4.1464357 0.79314214 0.26242787 
4.1780415 0.79277986 0.26243618 
4.2096472 0.7924149 0.26244453 
4.2412529 0.7920472 0.26245293 
4.272521 0.79168081 0.26246133 
4.3037896 0.79131162 0.26246977 
4.3350577 0.79093981 0.26247829 
4.3663259 0.79056519 0.26248685 
4.3972702 0.79019171 0.2624954 
4.4282146 0.78981549 0.26250398 
4.4591589 0.78943646 0.26251265 
4.4901032 0.78905463 0.26252136 
4.5207376 0.78867388 0.26253006 
4.5513716 0.78829026 0.26253882 
4.5820055 0.78790385 0.26254767 
4.6126394 0.78751457 0.26255655 
4.6429796 0.78712618 0.2625654 
4.6733198 0.78673494 0.26257434 
4.7036605 0.78634083 0.26258335 
4.7340007 0.78594375 0.26259241 
4.7640638 0.78554744 0.26260146 
4.7941265 0.78514814 0.26261055 
4.8241897 0.78474593 0.26261973 
4.8542528 0.78434074 0.262629 
4.8840566 0.78393608 0.26263821 
4.9138608 0.78352845 0.26264751 
4.9436646 0.78311777 0.2626569 
4.9734688 0.78270406 0.26266631 
5.0030298 0.7822907 0.26267576 
5.0325909 0.78187424 0.26268527 
5.0621524 0.78145474 0.26269484 
5.0917134 0.78103215 0.26270446 
5.1210551 0.78060955 0.26271412 
5.1503968 0.78018379 0.26272383 
5.1797385 0.77975494 0.26273361 
5.2090802 0.77932286 0.26274347 
5.2382221 0.77889055 0.26275334 
5.267364 0.77845502 0.26276326 
5.2965059 0.77801627 0.26277328 
5.3256478 0.77757424 0.26278335 
5.3546195 0.77713156 0.26279345 
5.3835907 0.77668554 0.26280364 
5.4125624 0.77623618 0.2628139 
5.4415336 0.77578354 0.26282424 
5.4703631 0.77532965 0.26283461 
5.4991927 0.77487248 0.26284504 
5.5280218 0.7744118 0.26285556 
5.5568514 0.77394772 0.26286617 
5.5855751 0.77348185 0.26287681 
5.6142993 0.77301246 0.26288754 
5.643023 0.77253956 0.26289836 
5.6717472 0.77206314 0.26290923 
5.700408 0.77158409 0.2629202 
5.7290692 0.77110147 0.26293123 
5.75773 0.77061522 0.26294237 
5.7863913 0.77012521 0.26295358 
5.8150458 0.76963162 0.26296487 
5.8437009 0.76913428 0.26297626 
5.8723555 0.76863319 0.26298773 
5.9010105 0.76812822 0.26299933 
5.9297333 0.76761812 0.26301101 
5.9584565 0.76710415 0.26302281 
5.9871798 0.76658618 0.26303467 
6.0159025 0.76606423 0.26304665 
6.0448003 0.76553506 0.26305881 
6.0736976 0.76500171 0.26307106 
6.1025949 0.7644642 0.2630834 
6.1314926 0.76392251 0.26309586 
6.1607342 0.76337004 0.26310858 
6.1899757 0.76281315 0.2631214 
6.2192168 0.76225179 0.26313433 
6.2484584 0.76168597 0.26314735 
6.2783508 0.76110286 0.26316079 
6.3082428 0.76051497 0.26317436 
6.3381352 0.75992227 0.26318803 
6.3680272 0.75932467 0.26320183 
6.3992577 0.75869501 0.26321638 
6.4304886 0.75805998 0.26323107 
6.461719 0.75741941 0.26324591 
6.4929495 0.75677329 0.26326087 
6.5285153 0.75603062 0.26327807 
6.5640807 0.75528061 0.26329547 
6.5996461 0.75452316 0.26331308 
6.6352115 0.75375813 0.26333085 
6.6668053 0.75307208 0.26334682 
6.6983991 0.75238001 0.26336294 
6.7299929 0.75168175 0.26337922 
6.7615862 0.75097728 0.26339567 
6.7901621 0.75033468 0.26341069 
6.8187375 0.7496869 0.26342583 
6.8473129 0.74903381 0.26344112 
6.8758883 0.74837548 0.26345655 
6.902739 0.74775201 0.26347116 
6.9295897 0.74712378 0.26348591 
6.9564404 0.74649072 0.26350081 
6.9832911 0.74585283 0.2635158 
7.0088959 0.74523997 0.26353025 
7.0345011 0.74462259 0.2635448 
7.0601058 0.74400073 0.26355949 
7.0857105 0.74337429 0.26357427 
7.1103272 0.74276769 0.26358864 
7.134944 0.7421568 0.26360309 
7.1595607 0.74154156 0.26361769 
7.1841769 0.74092197 0.26363239 
7.2079649 0.74031907 0.26364672 
7.2317529 0.73971206 0.26366115 
7.2555408 0.73910087 0.26367572 
7.2793283 0.73848546 0.26369038 
7.3024025 0.73788446 0.26370475 
7.3254766 0.73727947 0.2637192 
7.3485508 0.73667043 0.26373377 
7.3716249 0.73605728 0.26374847 
7.3940687 0.735457 0.26376286 
7.4165125 0.73485279 0.26377738 
7.4389563 0.73424464 0.26379201 
7.4613996 0.7336325 0.26380676 
7.4832792 0.73303193 0.26382124 
7.5051589 0.73242748 0.26383582 
7.5270381 0.73181927 0.26385054 
7.5489178 0.73120713 0.26386535 
7.5702868 0.73060548 0.26387995 
7.5916557 0.73000008 0.26389465 
7.6130252 0.72939098 0.26390946 
7.6343942 0.728778 0.26392436 
7.6552968 0.72817475 0.26393908 
7.6761994 0.72756779 0.26395389 
7.6971021 0.72695708 0.26396883 
7.7180047 0.72634274 0.26398388 
7.7384777 0.72573727 0.26399872 
7.7589512 0.72512823 0.26401368 
7.7794242 0.72451556 0.26402876 
7.7998977 0.72389919 0.26404396 
7.8199749 0.72329116 0.26405895 
7.8400517 0.72267956 0.26407406 
7.8601289 0.72206438 0.26408929 
7.8802061 0.72144556 0.26410463 
7.8999152 0.72083455 0.2641198 
7.9196248 0.72022003 0.26413509 
7.9393344 0.71960193 0.26415047 
7.9590435 0.71898025 0.264166 
7.9784107 0.71836591 0.26418135 
7.9977775 0.71774805 0.26419681 
8.0171442 0.71712673 0.2642124 
8.0365105 0.71650189 0.26422808 
8.0555582 0.71588385 0.26424363 
8.0746059 0.71526241 0.26425931 
8.0936537 0.71463746 0.26427507 
8.1127014 0.71400905 0.26429099 
8.1314516 0.71338701 0.26430675 
8.1502018 0.71276164 0.26432264 
8.168951 0.71213275 0.26433861 
8.1877012 0.71150047 0.26435474 
8.206172 0.7108742 0.26437071 
8.2246437 0.71024454 0.26438683 
8.2431145 0.70961154 0.26440305 
8.2615852 0.70897508 0.26441938 
8.2797947 0.70834428 0.26443562 
8.2980042 0.70771009 0.26445195 
8.3162127 0.70707262 0.2644684 
8.3344221 0.70643169 0.264485 
8.3523874 0.70579606 0.26450148 
8.3703527 0.70515716 0.26451808 
8.3883181 0.70451486 0.2645348 
8.4062824 0.70386922 0.26455164 
8.4240179 0.70322853 0.26456839 
8.4417543 0.70258456 0.26458526 
8.4594898 0.70193726 0.26460224 
8.4772253 0.70128667 0.26461935 
8.4947462 0.70064068 0.26463637 
8.5122671 0.69999135 0.26465353 
8.529788 0.69933879 0.26467079 
8.5473089 0.6986829 0.26468819 
8.5646296 0.69803131 0.26470551 
8.5819502 0.69737637 0.26472297 
8.5992708 0.69671822 0.26474056 
8.6165924 0.69605684 0.26475826 
8.6337261 0.69539928 0.2647759 
8.6508598 0.69473857 0.26479366 
8.6679935 0.69407457 0.26481155 
8.6851273 0.6934073 0.26482958 
8.7020884 0.6927436 0.26484755 
8.7190485 0.69207668 0.26486567 
8.7360086 0.69140655 0.26488391 
8.7529688 0.69073313 0.26490226 
8.7697678 0.69006294 0.26492059 
8.7865677 0.68938959 0.26493904 
8.8033676 0.68871301 0.26495764 
8.8201666 0.68803316 0.26497635 
8.8368177 0.68735617 0.26499504 
8.8534689 0.68667603 0.26501387 
8.8701191 0.68599266 0.26503286 
8.8867702 0.68530613 0.26505196 
8.903285 0.68462205 0.26507103 
8.9197989 0.68393481 0.26509026 
8.9363136 0.68324435 0.26510963 
8.9528275 0.68255073 0.26512912 
8.9692183 0.68185914 0.26514864 
8.9856091 0.68116438 0.26516828 
9.0020008 0.68046647 0.26518807 
9.0183916 0.6797654 0.26520798 
9.0346708 0.67906594 0.26522791 
9.050951 0.67836332 0.265248 
9.0672312 0.67765754 0.26526824 
9.0835104 0.67694861 0.26528862 
9.0996914 0.6762408 0.26530904 
9.1158724 0.6755299 0.2653296 
9.1320534 0.67481589 0.26535028 
9.1482344 0.67409867 0.26537114 
9.1643295 0.67338216 0.26539207 
9.1804256 0.6726625 0.26541311 
9.1965208 0.67193967 0.26543432 
9.212616 0.67121375 0.26545569 
9.2286386 0.67048794 0.26547712 
9.2446613 0.66975904 0.2654987 
9.260684 0.66902703 0.26552045 
9.2767067 0.66829181 0.26554236 
9.2926712 0.66755617 0.26556435 
9.3086348 0.66681743 0.26558653 
9.3245993 0.66607553 0.26560885 
9.3405638 0.66533053 0.26563135 
9.3564854 0.6645844 0.26565394 
9.372406 0.66383517 0.26567671 
9.3883276 0.66308284 0.26569965 
9.4042492 0.66232729 0.26572275 
9.4201431 0.66156995 0.265746 
9.4360371 0.66080952 0.26576942 
9.451931 0.66004592 0.26579303 
9.4678259 0.65927917 0.26581681 
9.4837103 0.65850979 0.26584074 
9.4995947 0.65773726 0.26586488 
9.51548 0.65696156 0.2658892 
9.5313644 0.65618277 0.2659137 
9.5472603 0.65540028 0.2659384 
9.5631552 0.65461463 0.26596329 
9.579051 0.65382588 0.26598838 
9.5949459 0.65303397 0.26601365 
9.6108751 0.65223724 0.26603919 
9.6268034 0.65143734 0.26606491 
9.6427326 0.65063435 0.26609084 
9.6586609 0.64982814 0.26611698 
9.6746502 0.64901572 0.26614341 
9.6906385 0.64820009 0.26617005 
9.7066269 0.64738131 0.26619694 
9.7226152 0.64655936 0.266224 
9.7386971 0.64572948 0.26625144 
9.7547779 0.64489633 0.2662791 
9.7708588 0.64406002 0.266307 
9.7869396 0.64322042 0.2663351 
9.803154 0.6423707 0.26636368 
9.8193674 0.6415177 0.2663925 
9.8355818 0.64066148 0.26642153 
9.8517962 0.63980198 0.26645082 
9.8681965 0.63892931 0.26648065 
9.8845968 0.63805336 0.26651078 
9.9009972 0.63717407 0.26654112 
9.9173965 0.63629144 0.26657176 
9.9340601 0.63539135 0.26660311 
9.9507227 0.63448781 0.26663476 
9.9673862 0.63358092 0.26666665 
9.9840488 0.63267058 0.26669884 
10.001096 0.63173586 0.26673204 
10.018143 0.63079756 0.26676553 
10.035189 0.62985581 0.26679933 
10.052236 0.62891048 0.26683342 
10.069881 0.62792826 0.26686904 
10.087528 0.62694228 0.26690495 
10.105174 0.6259526 0.26694122 
10.12282 0.62495917 0.26697785 
10.141523 0.62390226 0.26701701 
10.160226 0.62284112 0.26705655 
10.178929 0.62177593 0.26709649 
10.197633 0.62070656 0.26713681 
10.218054 0.61953437 0.26718131 
10.238474 0.6183573 0.26722628 
10.258895 0.6171754 0.26727176 
10.279316 0.61598867 0.26731771 
10.299397 0.61481702 0.2673634 
10.319479 0.61364084 0.26740959 
10.339561 0.61246002 0.26745626 
10.359642 0.61127472 0.26750344 
10.377649 0.61020797 0.26754618 
10.395657 0.60913765 0.26758933 
10.413663 0.60806376 0.26763293 
10.43167 0.60698634 0.26767692 
10.448723 0.60596269 0.267719 
10.465775 0.60493594 0.26776147 
10.482828 0.6039061 0.26780432 
10.499881 0.60287309 0.26784757 
10.516314 0.60187471 0.26788962 
10.532747 0.60087347 0.26793209 
10.54918 0.59986943 0.26797491 
10.565614 0.59886259 0.26801813 
10.581594 0.59788078 0.26806051 
10.597575 0.59689635 0.2681033 
10.613556 0.59590936 0.26814646 
10.629536 0.5949198 0.26818997 
10.645168 0.59394932 0.26823294 
10.6608 0.59297645 0.26827627 
10.676432 0.5920012 0.26831996 
10.692063 0.59102356 0.26836404 
10.707418 0.59006089 0.26840773 
10.722774 0.58909601 0.26845178 
10.738129 0.58812886 0.26849622 
10.753484 0.58715945 0.26854104 
10.768615 0.58620209 0.26858556 
10.783747 0.58524257 0.26863047 
10.798879 0.58428091 0.26867577 
10.81401 0.58331722 0.26872146 
10.828961 0.58236301 0.268767 
10.843912 0.58140677 0.26881289 
10.858863 0.58044863 0.26885918 
10.873815 0.57948852 0.26890588 
10.888621 0.5785358 0.26895249 
10.903427 0.57758117 0.26899952 
10.918234 0.57662475 0.2690469 
10.93304 0.57566649 0.26909471 
10.947733 0.57471377 0.26914257 
10.962426 0.57375932 0.26919079 
10.977118 0.57280314 0.26923943 
10.991812 0.57184517 0.26928848 
11.006419 0.57089114 0.26933765 
11.021027 0.5699355 0.26938725 
11.035634 0.56897813 0.26943722 
11.050241 0.56801921 0.26948765 
11.064789 0.56706268 0.26953828 
11.079337 0.56610453 0.26958933 
11.093884 0.5651449 0.2696408 
11.108432 0.56418371 0.26969269 
11.122945 0.5632233 0.26974493 
11.137459 0.5622614 0.26979756 
11.151972 0.56129807 0.26985067 
11.166486 0.56033331 0.2699042 
11.18099 0.55936778 0.26995817 
11.195495 0.55840081 0.27001256 
11.209999 0.55743253 0.27006742 
11.224504 0.55646294 0.27012274 
11.239025 0.55549085 0.27017859 
11.253547 0.55451751 0.27023491 
11.268068 0.55354291 0.27029172 
11.28259 0.55256701 0.270349 
11.297157 0.55158687 0.27040693 
11.311724 0.55060554 0.27046534 
11.326291 0.54962301 0.27052426 
11.340858 0.54863936 0.27058369 
11.355501 0.54764932 0.27064392 
11.370145 0.54665822 0.27070469 
11.384788 0.54566598 0.27076596 
11.399431 0.54467267 0.27082774 
11.414187 0.54367065 0.27089056 
11.428944 0.54266757 0.27095389 
11.4437 0.54166347 0.27101779 
11.458456 0.54065835 0.27108222 
11.47337 0.5396415 0.27114794 
11.488284 0.53862369 0.27121419 
11.503198 0.53760493 0.27128103 
11.518112 0.53658527 0.27134848 
11.533242 0.53554988 0.2714175 
11.548372 0.53451359 0.27148712 
11.563502 0.53347647 0.27155733 
11.578632 0.53243852 0.2716282 
11.594059 0.53137934 0.2717011 
11.609487 0.53031933 0.27177465 
11.624913 0.52925849 0.27184889 
11.640341 0.52819693 0.27192378 
11.656195 0.52710521 0.27200145 
11.672049 0.52601272 0.27207986 
11.687902 0.52491957 0.27215898 
11.703756 0.52382571 0.27223885 
11.720277 0.52268511 0.27232286 
11.736798 0.5215438 0.27240771 
11.753319 0.5204019 0.27249336 
11.769839 0.51925933 0.27257985 
11.787362 0.51804692 0.2726725 
11.804884 0.51683384 0.27276611 
11.822406 0.51562023 0.27286068 
11.839928 0.51440603 0.27295622 
11.859648 0.51303893 0.27306494 
11.879369 0.5116713 0.27317491 
11.899089 0.51030308 0.27328616 
11.918809 0.50893444 0.2733987 
11.937683 0.50762409 0.27350762 
11.956557 0.50631344 0.27361777 
11.97543 0.50500256 0.27372915 
11.994305 0.50369138 0.27384174 
12.014876 0.50226206 0.2739659 
12.035448 0.50083256 0.27409154 
12.056019 0.49940297 0.27421874 
12.076591 0.49797332 0.27434745 
12.096101 0.49661744 0.27447096 
12.115611 0.49526161 0.27459589 
12.135121 0.49390587 0.27472225 
12.154632 0.49255028 0.27485004 
12.171468 0.49138063 0.2749615 
12.188305 0.49021113 0.27507406 
12.205141 0.48904186 0.27518773 
12.221978 0.48787281 0.27530253 
12.237555 0.48679155 0.27540973 
12.253131 0.48571053 0.27551791 
12.268707 0.48462981 0.27562708 
12.284283 0.48354936 0.27573726 
12.29903 0.48252678 0.27584246 
12.313777 0.48150447 0.27594858 
12.328524 0.48048252 0.2760556 
12.34327 0.47946092 0.27616355 
12.357401 0.47848234 0.27626786 
12.371532 0.4775041 0.27637303 
12.385663 0.47652626 0.27647907 
12.399794 0.47554877 0.27658597 
12.41344 0.47460526 0.27669001 
12.427085 0.47366217 0.27679491 
12.44073 0.47271946 0.27690062 
12.454376 0.4717772 0.27700716 
12.467625 0.47086278 0.27711141 
12.480873 0.46994877 0.27721646 
12.494121 0.46903524 0.27732232 
12.507369 0.46812212 0.27742898 
12.520284 0.46723247 0.27753374 
12.533198 0.46634328 0.27763927 
12.546113 0.46545455 0.2777456 
12.559028 0.46456629 0.27785274 
12.571659 0.46369806 0.27795827 
12.584291 0.46283028 0.27806458 
12.596921 0.461963 0.27817163 
12.609552 0.46109623 0.27827948 
12.62194 0.46024668 0.278386 
12.634327 0.45939764 0.27849329 
12.646714 0.45854914 0.27860132 
12.659101 0.45770118 0.27871013 
12.671279 0.45686808 0.27881786 
12.683456 0.45603555 0.27892631 
12.695633 0.45520353 0.27903554 
12.70781 0.45437211 0.27914551 
12.719807 0.45355359 0.27925459 
12.731802 0.45273566 0.27936441 
12.743798 0.45191827 0.27947497 
12.755794 0.45110148 0.27958629 
12.767634 0.45029584 0.27969694 
12.779475 0.44949076 0.27980828 
12.791315 0.4486863 0.2799204 
12.803156 0.44788241 0.28003329 
12.814865 0.44708803 0.28014565 
12.826574 0.44629428 0.28025874 
12.838284 0.44550112 0.28037259 
12.849993 0.44470859 0.28048718 
12.861594 0.44392404 0.28060144 
12.873195 0.44314012 0.28071648 
12.884795 0.44235685 0.28083226 
12.896396 0.44157422 0.28094879 
12.90791 0.44079804 0.2810652 
12.919425 0.44002253 0.28118235 
12.93094 0.43924767 0.28130025 
12.942454 0.43847352 0.28141892 
12.953906 0.43770427 0.28153771 
12.965358 0.43693569 0.28165725 
12.97681 0.43616784 0.28177753 
12.988261 0.43540066 0.28189859 
12.999674 0.4346368 0.28202 
13.011087 0.43387362 0.28214219 
13.0225 0.43311119 0.28226516 
13.033914 0.4323495 0.2823889 
13.045316 0.43158931 0.28251329 
13.056717 0.43082988 0.28263846 
13.068119 0.4300712 0.28276441 
13.079521 0.4293133 0.28289115 
13.090943 0.42855483 0.28301892 
13.102366 0.42779714 0.28314748 
13.113789 0.42704025 0.28327689 
13.125211 0.42628416 0.28340706 
13.136695 0.42552489 0.28353876 
13.148179 0.42476645 0.28367129 
13.159662 0.42400888 0.28380463 
13.171146 0.42325214 0.28393883 
13.182747 0.4224886 0.28407523 
13.194347 0.42172599 0.28421247 
13.205949 0.42096427 0.2843506 
13.217549 0.42020351 0.28448957 
13.229354 0.41943029 0.28463191 
13.241158 0.41865808 0.28477514 
13.252964 0.41788685 0.28491926 
13.264769 0.41711664 0.28506431 
13.276936 0.41632387 0.28521475 
13.289104 0.41553217 0.28536621 
13.30127 0.41474161 0.28551862 
13.313437 0.41395217 0.28567204 
13.326391 0.41311291 0.28583643 
13.339346 0.41227499 0.28600198 
13.3523 0.41143838 0.28616866 
13.365253 0.41060314 0.28633648 
13.379591 0.40968025 0.28652355 
13.393929 0.40875903 0.28671205 
13.408267 0.40783954 0.28690195 
13.422605 0.4069218 0.28709331 
13.435181 0.40611833 0.28726229 
13.447756 0.4053162 0.2874324 
13.460331 0.4045155 0.28760359 
13.472907 0.40371621 0.28777593 
13.484629 0.40297246 0.28793755 
13.49635 0.40222996 0.28810015 
13.508072 0.40148875 0.28826374 
13.519794 0.40074885 0.28842831 
13.531022 0.40004122 0.28858688 
13.542251 0.39933482 0.28874636 
13.553479 0.39862964 0.28890675 
13.564708 0.3979257 0.28906804 
13.575594 0.39724445 0.28922531 
13.586479 0.39656436 0.28938341 
13.597365 0.3958855 0.28954241 
13.608251 0.39520785 0.28970227 
13.618878 0.39454737 0.28985918 
13.629507 0.39388809 0.29001692 
13.640135 0.39322999 0.2901755 
13.650763 0.39257309 0.29033494 
13.661191 0.39192972 0.29049218 
13.671619 0.39128754 0.29065022 
13.682047 0.39064652 0.29080909 
13.692475 0.39000672 0.29096878 
13.702745 0.38937774 0.29112682 
13.713017 0.38874996 0.29128569 
13.723287 0.38812339 0.29144534 
13.733558 0.38749799 0.29160583 
13.743705 0.38688132 0.29176515 
13.753852 0.38626581 0.29192525 
13.764 0.38565156 0.29208612 
13.774147 0.3850385 0.2922478 
13.7842 0.38443235 0.29240876 
13.794252 0.38382742 0.2925705 
13.804306 0.38322374 0.29273298 
13.814359 0.38262129 0.29289627 
13.824343 0.3820242 0.2930592 
13.834327 0.38142839 0.2932229 
13.844311 0.3808338 0.29338738 
13.854294 0.3802405 0.29355261 
13.864233 0.37965116 0.29371789 
13.874171 0.37906307 0.29388392 
13.884109 0.37847629 0.29405072 
13.894048 0.3778908 0.2942183 
13.903964 0.37730795 0.29438624 
13.91388 0.37672639 0.29455498 
13.923796 0.37614614 0.29472449 
13.933712 0.37556726 0.29489475 
13.943628 0.37498966 0.29506582 
13.953545 0.37441343 0.29523763 
13.963461 0.37383857 0.29541025 
13.973378 0.37326506 0.29558361 
13.983318 0.37269154 0.29575822 
13.993259 0.37211943 0.29593357 
14.003201 0.37154874 0.29610971 
14.013141 0.37097946 0.29628664 
14.023132 0.37040871 0.29646525 
14.033124 0.36983943 0.29664466 
14.043116 0.36927161 0.29682487 
14.053107 0.36870527 0.29700586 
14.06318 0.36813584 0.29718912 
14.073253 0.3675679 0.29737321 
14.083326 0.36700153 0.2975581 
14.093399 0.36643669 0.2977438 
14.103591 0.36586675 0.29793251 
14.113783 0.36529845 0.29812202 
14.123975 0.36473173 0.2983124 
14.134167 0.36416665 0.29850358 
14.144526 0.36359394 0.29869875 
14.154887 0.36302292 0.29889482 
14.165247 0.36245361 0.29909173 
14.175608 0.36188602 0.29928946 
14.186211 0.36130691 0.29949278 
14.196815 0.3607296 0.29969695 
14.207418 0.36015415 0.29990205 
14.218022 0.35958058 0.30010802 
14.229 0.3589887 0.3003222 
14.239978 0.35839882 0.30053738 
14.250957 0.357811 0.30075347 
14.261934 0.35722521 0.30097055 
14.273701 0.3565996 0.30120426 
14.285468 0.35597637 0.30143908 
14.297235 0.35535553 0.30167502 
14.309001 0.3547371 0.30191204 
14.322283 0.35404196 0.30218089 
14.335564 0.35334992 0.3024511 
14.348845 0.35266101 0.30272275 
14.362126 0.35197523 0.30299577 
14.373777 0.35137627 0.3032364 
14.385427 0.35077974 0.30347809 
14.397078 0.35018569 0.30372086 
14.408728 0.34959412 0.3039647 
14.420055 0.34902129 0.3042028 
14.431383 0.34845084 0.3044419 
14.442712 0.34788275 0.30468199 
14.45404 0.34731704 0.30492309 
14.465255 0.34675929 0.30516276 
14.476471 0.34620386 0.30540344 
14.487687 0.34565082 0.30564508 
14.498903 0.34510016 0.3058877 
14.510128 0.34455147 0.30613145 
14.521352 0.3440052 0.30637616 
14.532576 0.34346133 0.30662185 
14.5438 0.34291989 0.30686849 
14.555138 0.34237543 0.30711859 
14.566476 0.34183344 0.30736968 
14.577813 0.34129396 0.30762175 
14.58915 0.34075698 0.30787477 
14.60074 0.34021068 0.30813441 
14.612329 0.33966699 0.30839506 
14.623919 0.33912596 0.30865672 
14.635509 0.33858758 0.30891937 
14.647622 0.33802766 0.30919498 
14.659737 0.33747065 0.30947167 
14.67185 0.33691657 0.30974942 
14.683965 0.3363654 0.31002825 
14.697009 0.3357752 0.31032974 
14.710053 0.33518839 0.31063244 
14.723098 0.33460501 0.31093636 
14.736143 0.33402503 0.31124151 
14.749452 0.33343688 0.3115541 
14.76276 0.3328523 0.31186795 
14.776069 0.33227134 0.31218305 
14.789377 0.33169395 0.31249943 
14.801324 0.33117872 0.31278446 
14.81327 0.33066642 0.31307048 
14.825216 0.33015704 0.3133575 
14.837163 0.32965055 0.31364551 
14.848522 0.32917169 0.31392026 
14.859881 0.32869548 0.3141959 
14.871241 0.32822189 0.31447244 
14.8826 0.32775095 0.31474981 
14.8936 0.32729745 0.31501925 
14.904599 0.32684642 0.3152895 
14.915599 0.3263979 0.31556055 
14.926598 0.32595187 0.31583238 
14.93735 0.32551825 0.3160989 
14.948102 0.32508704 0.31636617 
14.958855 0.32465819 0.31663415 
14.969606 0.32423171 0.31690291 
14.980181 0.32381466 0.31716794 
14.990755 0.32339987 0.31743369 
15.001328 0.32298738 0.31770015 
15.011903 0.32257721 0.31796733 
15.022346 0.32217437 0.31823185 
15.032788 0.3217738 0.31849706 
15.043231 0.32137543 0.31876296 
15.053674 0.32097933 0.31902954 
15.064021 0.32058907 0.3192943 
15.074368 0.32020101 0.31955972 
15.084714 0.31981513 0.3198258 
15.095061 0.31943145 0.3200925 
15.10534 0.31905249 0.3203581 
15.115619 0.31867567 0.32062429 
15.125897 0.31830099 0.32089114 
15.136176 0.31792849 0.32115859 
15.146408 0.31755978 0.32142547 
15.156641 0.31719318 0.32169294 
15.166874 0.31682876 0.32196102 
15.177107 0.31646642 0.32222968 
15.187313 0.31610715 0.32249823 
15.197519 0.31575 0.32276738 
15.207726 0.31539494 0.32303712 
15.217932 0.31504199 0.32330739 
15.228128 0.31469148 0.323578 
15.238324 0.31434307 0.3238492 
15.248521 0.31399673 0.32412091 
15.258718 0.31365249 0.32439321 
15.268918 0.31331015 0.32466617 
15.279119 0.31296989 0.3249397 
15.289321 0.31263173 0.32521376 
15.299521 0.31229562 0.32548836 
15.309742 0.31196097 0.325764 
15.319962 0.31162837 0.32604018 
15.330182 0.31129783 0.32631689 
15.340402 0.31096938 0.32659414 
15.350654 0.31064197 0.32687274 
15.360905 0.31031662 0.32715186 
15.371156 0.30999336 0.3274315 
15.381408 0.30967212 0.32771164 
15.391702 0.30935159 0.32799348 
15.401997 0.3090331 0.3282758 
15.412292 0.30871668 0.32855865 
15.422586 0.30840233 0.32884198 
15.432937 0.3080883 0.32912734 
15.443288 0.30777636 0.32941321 
15.453638 0.30746648 0.32969955 
15.463988 0.30715862 0.32998636 
15.474405 0.30685085 0.33027551 
15.484823 0.30654511 0.33056515 
15.49524 0.30624145 0.33085525 
15.505657 0.30593985 0.33114582 
15.516153 0.30563805 0.33143905 
15.526649 0.30533829 0.33173275 
15.537145 0.3050406 0.33202693 
15.547641 0.30474496 0.33232152 
15.558228 0.30444878 0.33261919 
15.568816 0.30415472 0.33291727 
15.579403 0.30386272 0.33321583 
15.589991 0.30357277 0.33351481 
15.60068 0.30328208 0.33381715 
15.611371 0.30299351 0.33411992 
15.622061 0.30270699 0.33442312 
15.632751 0.30242255 0.33472675 
15.643556 0.30213714 0.33503413 
15.654362 0.30185381 0.3353419 
15.665168 0.30157256 0.33565012 
15.675973 0.3012934 0.33595875 
15.686907 0.30101305 0.33627146 
15.697841 0.30073479 0.3365846 
15.708775 0.30045864 0.33689818 
15.719708 0.30018461 0.33721212 
15.730785 0.29990909 0.33753061 
15.741863 0.29963574 0.3378495 
15.75294 0.29936448 0.33816877 
15.764017 0.29909533 0.33848846 
15.775252 0.29882449 0.33881313 
15.786489 0.29855579 0.33913818 
15.797725 0.29828924 0.33946362 
15.808961 0.29802483 0.33978948 
15.820373 0.29775843 0.34012079 
15.831784 0.29749423 0.34045252 
15.843196 0.29723221 0.34078461 
15.854608 0.29697233 0.34111705 
15.866216 0.29671022 0.34145558 
15.877823 0.29645032 0.34179449 
15.88943 0.29619262 0.34213376 
15.901038 0.29593709 0.34247339 
15.912864 0.295679 0.34281978 
15.924689 0.29542318 0.3431665 
15.936515 0.29516959 0.34351361 
15.94834 0.29491821 0.34386104 
15.96041 0.29466394 0.34421602 
15.972481 0.29441193 0.34457135 
15.98455 0.29416221 0.34492701 
15.996621 0.29391477 0.345283 
16.008966 0.29366398 0.34564748 
16.021313 0.29341555 0.34601229 
16.033659 0.29316944 0.34637746 
16.046005 0.29292566 0.34674293 
16.058668 0.29267803 0.34711805 
16.071329 0.29243281 0.3474935 
16.08399 0.29218999 0.34786925 
16.096653 0.29194951 0.34824532 
16.109682 0.29170454 0.3486326 
16.122709 0.29146206 0.34902021 
16.135738 0.29122207 0.34940812 
16.148767 0.29098448 0.34979632 
16.162235 0.2907415 0.35019785 
16.175701 0.29050109 0.35059971 
16.189169 0.29026324 0.35100183 
16.202637 0.29002795 0.35140425 
16.216652 0.28978571 0.35182336 
16.230669 0.28954625 0.35224274 
16.244684 0.28930944 0.35266238 
16.258701 0.28907534 0.3530823 
16.273489 0.28883123 0.35352561 
16.288277 0.28859007 0.35396919 
16.303062 0.28835183 0.35441303 
16.31785 0.28811646 0.35485712 
16.334011 0.28786254 0.35534269 
16.350172 0.28761199 0.35582855 
16.366333 0.28736484 0.35631466 
16.382492 0.287121 0.356801 
16.399412 0.28686926 0.35731041 
16.41633 0.28662112 0.35782009 
16.43325 0.28637654 0.35832995 
16.450169 0.28613546 0.35884005 
16.466902 0.2859005 0.35934472 
16.483635 0.28566888 0.35984957 
16.500368 0.28544065 0.36035457 
16.517103 0.28521571 0.36085972 
16.533453 0.2849991 0.36135343 
16.549805 0.2847856 0.36184725 
16.566154 0.28457519 0.36234117 
16.582506 0.28436783 0.36283517 
16.598875 0.28416327 0.36332983 
16.615246 0.28396168 0.36382452 
16.631615 0.28376311 0.36431926 
16.647985 0.28356746 0.36481401 
16.664572 0.28337219 0.36531541 
16.68116 0.28317988 0.36581677 
16.697746 0.28299055 0.36631814 
16.714334 0.2828041 0.3668195 
16.731331 0.28261605 0.3673332 
16.748327 0.28243098 0.36784685 
16.765324 0.28224891 0.36836043 
16.78232 0.28206977 0.36887395 
16.800024 0.28188625 0.36940882 
16.81773 0.28170586 0.36994359 
16.835436 0.28152853 0.37047821 
16.853142 0.28135431 0.37101272 
16.872446 0.28116778 0.37159538 
16.891752 0.28098479 0.37217784 
16.911058 0.28080532 0.37276009 
16.930365 0.28062937 0.37334213 
16.950422 0.28045017 0.37394664 
16.970482 0.28027463 0.37455085 
16.990541 0.28010273 0.37515479 
17.010601 0.27993441 0.37575841 
17.02931 0.27978063 0.37632108 
17.048018 0.27962989 0.37688345 
17.066727 0.27948219 0.37744549 
17.085436 0.27933744 0.3780072 
17.103113 0.27920339 0.37853765 
17.12079 0.27907196 0.37906778 
17.138468 0.27894309 0.37959757 
17.156145 0.27881679 0.38012701 
17.173302 0.27869663 0.38064051 
17.190458 0.27857882 0.38115364 
17.207613 0.27846333 0.38166642 
17.22477 0.27835017 0.38217884 
17.2416 0.27824137 0.38268122 
17.258432 0.27813473 0.38318324 
17.275265 0.27803028 0.3836849 
17.292097 0.27792794 0.38418615 
17.308714 0.27782899 0.38468063 
17.325331 0.27773207 0.38517472 
17.341948 0.27763718 0.3856684 
17.358564 0.27754432 0.38616168 
17.375038 0.2774542 0.38665026 
17.39151 0.27736601 0.38713843 
17.407984 0.27727976 0.38762617 
17.424456 0.27719539 0.38811347 
17.440834 0.27711338 0.38859755 
17.457214 0.27703318 0.38908121 
17.473593 0.27695483 0.38956439 
17.489971 0.2768783 0.39004713 
17.506292 0.27680379 0.39052773 
17.522614 0.27673104 0.39100784 
17.538935 0.27666005 0.39148751 
17.555258 0.27659079 0.3919667 
17.571552 0.27652335 0.39244458 
17.587847 0.27645761 0.39292198 
17.604141 0.27639356 0.39339891 
17.620436 0.27633116 0.3938753 
17.636728 0.27627042 0.39435112 
17.653019 0.27621129 0.39482641 
17.669312 0.27615383 0.39530119 
17.685604 0.27609795 0.39577544 
17.701912 0.27604359 0.39624965 
17.718222 0.27599084 0.39672333 
17.734531 0.27593964 0.39719644 
17.750841 0.27589002 0.39766902 
17.767185 0.27584183 0.39814204 
17.783529 0.27579516 0.39861447 
17.799873 0.27575001 0.39908636 
17.816217 0.27570641 0.39955765 
17.832611 0.27566412 0.40002984 
17.849007 0.27562338 0.40050143 
17.865402 0.27558407 0.40097243 
17.881798 0.27554628 0.40144283 
17.898258 0.27550977 0.40191448 
17.914719 0.27547473 0.4023855 
17.931179 0.27544114 0.4028559 
17.947639 0.27540898 0.40332568 
17.96418 0.27537811 0.40379703 
17.980719 0.27534863 0.40426776 
17.997257 0.27532059 0.40473783 
18.013796 0.27529398 0.40520725 
18.030426 0.27526858 0.40567857 
18.047056 0.27524459 0.40614921 
18.063684 0.275222 0.40661916 
18.080315 0.27520078 0.40708846 
18.097048 0.27518079 0.40755996 
18.113781 0.27516219 0.40803075 
18.130512 0.27514493 0.40850082 
18.147245 0.27512905 0.40897018 
18.164093 0.27511442 0.40944207 
18.180941 0.2751011 0.40991321 
18.197788 0.27508914 0.41038361 
18.214636 0.27507854 0.41085327 
18.231611 0.27506915 0.41132569 
18.248587 0.27506113 0.41179737 
18.26556 0.2750544 0.41226831 
18.282536 0.275049 0.41273844 
18.299648 0.27504489 0.41321164 
18.316763 0.27504209 0.41368407 
18.333876 0.2750406 0.41415566 
18.35099 0.27504039 0.41462648 
18.368256 0.27504149 0.41510066 
18.385521 0.2750439 0.41557398 
18.402786 0.27504763 0.4160465 
18.420052 0.27505264 0.41651818 
18.437483 0.27505898 0.41699356 
18.454914 0.27506664 0.41746804 
18.472345 0.27507558 0.41794166 
18.489777 0.27508581 0.41841444 
18.507387 0.27509743 0.41889122 
18.525 0.27511036 0.4193671 
18.542612 0.27512455 0.41984209 
18.560225 0.27514005 0.42031619 
18.578035 0.275157 0.4207947 
18.595846 0.27517524 0.42127228 
18.613657 0.27519479 0.42174891 
18.631468 0.27521563 0.42222458 
18.649498 0.27523798 0.42270514 
18.667526 0.27526167 0.42318472 
18.685556 0.27528664 0.42366335 
18.703587 0.27531287 0.42414096 
18.721859 0.2753408 0.42462403 
18.740131 0.27537003 0.42510605 
18.758404 0.27540055 0.42558706 
18.776676 0.27543238 0.42606705 
18.795223 0.275466 0.42655319 
18.81377 0.27550092 0.42703825 
18.832317 0.27553719 0.42752224 
18.850864 0.27557477 0.42800516 
18.869726 0.27561432 0.42849514 
18.888588 0.27565524 0.42898402 
18.907448 0.2756975 0.42947176 
18.92631 0.2757411 0.42995834 
18.945543 0.27578691 0.43045339 
18.964777 0.27583411 0.43094721 
18.984009 0.27588269 0.43143985 
19.003242 0.27593267 0.43193129 
19.022934 0.27598524 0.43243319 
19.042624 0.27603924 0.43293384 
19.062315 0.27609468 0.4334332 
19.082006 0.27615151 0.43393129 
19.102303 0.27621162 0.43444338 
19.122601 0.27627322 0.43495411 
19.142899 0.27633631 0.43546349 
19.163195 0.27640092 0.43597147 
19.184429 0.27647009 0.43650141 
19.205662 0.27654094 0.43702981 
19.226896 0.27661338 0.43755671 
19.248129 0.27668747 0.4380821 
19.271227 0.27676994 0.43865183 
19.294323 0.27685431 0.43921974 
19.317421 0.27694061 0.43978584 
19.340517 0.27702883 0.44035009 
19.365261 0.27712548 0.44095248 
19.390005 0.27722433 0.44155279 
19.414747 0.27732539 0.44215095 
19.439491 0.27742866 0.44274697 
19.461109 0.27752069 0.44326591 
19.482725 0.27761441 0.44378319 
19.504343 0.27770981 0.44429883 
19.525959 0.27780691 0.4448128 
19.546505 0.27790076 0.4452998 
19.567053 0.27799615 0.44578525 
19.587599 0.27809307 0.44626921 
19.608145 0.27819154 0.44675162 
19.628002 0.27828813 0.44721642 
19.647858 0.27838621 0.44767976 
19.667715 0.27848569 0.44814166 
19.687572 0.27858666 0.44860214 
19.706905 0.27868631 0.44904912 
19.72624 0.27878737 0.44949469 
19.745573 0.27888983 0.44993889 
19.764906 0.27899367 0.45038173 
19.783812 0.27909651 0.45081335 
19.802715 0.2792007 0.45124367 
19.821619 0.27930623 0.45167264 
19.840523 0.27941313 0.45210028 
19.859055 0.2795192 0.45251822 
19.877588 0.27962658 0.45293486 
19.89612 0.27973527 0.45335022 
19.914654 0.27984527 0.45376426 
19.932856 0.27995458 0.45416966 
19.951057 0.28006518 0.45457378 
19.969261 0.28017703 0.45497665 
19.987463 0.28029019 0.45537823 
20.005363 0.28040269 0.45577195 
20.023266 0.28051648 0.45616442 
20.041166 0.28063151 0.45655563 
20.059067 0.2807478 0.45694563 
20.076689 0.28086352 0.45732832 
20.094311 0.2809805 0.45770979 
20.111933 0.28109869 0.45809004 
20.129555 0.28121814 0.45846909 
20.146914 0.28133702 0.45884129 
20.164274 0.28145716 0.4592123 
20.181633 0.28157851 0.45958215 
20.198994 0.28170109 0.45995077 
20.216105 0.28182313 0.46031296 
20.233217 0.28194639 0.46067399 
20.250328 0.28207088 0.46103385 
20.267441 0.28219658 0.46139252 
20.284317 0.28232178 0.46174511 
20.301193 0.28244817 0.46209654 
20.318069 0.28257579 0.46244684 
20.334946 0.28270465 0.46279594 
20.351597 0.28283295 0.46313927 
20.368246 0.28296247 0.46348146 
20.384897 0.28309321 0.46382251 
20.401546 0.28322518 0.46416241 
20.41798 0.28335661 0.46449676 
20.434414 0.28348926 0.46483001 
20.450848 0.2836231 0.46516213 
20.467279 0.28375816 0.46549314 
20.483505 0.28389272 0.46581885 
20.499731 0.2840285 0.46614346 
20.515955 0.28416547 0.46646696 
20.532181 0.28430369 0.46678936 
20.548204 0.28444138 0.46710667 
20.564228 0.28458029 0.4674229 
20.580252 0.28472039 0.46773803 
20.596277 0.28486174 0.46805206 
20.612108 0.28500259 0.46836126 
20.627939 0.28514466 0.46866938 
20.64377 0.28528795 0.46897644 
20.659601 0.28543246 0.46928242 
20.675245 0.28557646 0.46958369 
20.690889 0.28572169 0.46988392 
20.706533 0.28586817 0.4701831 
20.722178 0.28601587 0.47048119 
20.737642 0.28616309 0.47077483 
20.753109 0.28631157 0.47106743 
20.768574 0.28646126 0.47135898 
20.784039 0.28661221 0.47164947 
20.79933 0.28676268 0.47193566 
20.814619 0.28691441 0.47222078 
20.82991 0.28706735 0.47250488 
20.845201 0.28722158 0.47278795 
20.860327 0.28737536 0.47306693 
20.875452 0.28753042 0.47334486 
20.890579 0.28768671 0.47362179 
20.905704 0.2878443 0.47389767 
20.920673 0.28800148 0.47416967 
20.93564 0.28815994 0.47444063 
20.950609 0.28831965 0.47471061 
20.965576 0.28848067 0.47497952 
20.980394 0.28864133 0.47524476 
20.995213 0.28880328 0.47550896 
21.010031 0.28896651 0.47577217 
21.024849 0.28913105 0.47603434 
21.039524 0.28929529 0.476293 
21.054201 0.28946084 0.47655067 
21.068876 0.28962767 0.47680733 
21.083553 0.28979585 0.47706297 
21.098095 0.28996381 0.47731531 
21.112638 0.29013309 0.47756666 
21.127182 0.29030368 0.47781697 
21.141724 0.29047564 0.47806633 
21.156143 0.29064745 0.47831249 
21.170561 0.29082057 0.47855771 
21.184978 0.29099506 0.47880191 
21.199396 0.29117092 0.47904509 
21.213701 0.29134676 0.47928539 
21.228004 0.29152393 0.4795247 
21.242308 0.29170251 0.479763 
21.256613 0.29188246 0.48000029 
21.270811 0.29206249 0.48023489 
21.285011 0.29224393 0.48046848 
21.299212 0.29242676 0.48070109 
21.313412 0.292611 0.48093268 
21.327518 0.29279548 0.4811618 
21.341625 0.29298139 0.48138991 
21.355734 0.29316872 0.48161706 
21.369841 0.29335752 0.48184317 
21.383869 0.29354674 0.48206705 
21.397898 0.29373738 0.48228994 
21.411926 0.29392952 0.48251182 
21.425955 0.29412314 0.48273271 
21.43992 0.29431742 0.48295161 
21.453886 0.29451317 0.48316953 
21.467854 0.29471046 0.48338643 
21.481819 0.29490927 0.48360232 
21.495739 0.29510897 0.4838165 
21.509657 0.29531023 0.48402968 
21.523577 0.29551303 0.48424184 
21.537497 0.29571745 0.48445299 
21.551394 0.29592308 0.48466277 
21.565289 0.29613033 0.48487151 
21.579184 0.29633921 0.48507923 
21.593079 0.29654971 0.48528594 
21.606976 0.2967619 0.48549163 
21.620872 0.29697576 0.48569632 
21.634769 0.29719129 0.48589993 
21.648666 0.29740855 0.48610252 
21.662598 0.29762805 0.48630455 
21.676527 0.2978493 0.48650554 
21.690458 0.29807231 0.48670545 
21.70439 0.29829711 0.48690432 
21.718397 0.29852495 0.48710319 
21.732405 0.29875466 0.48730099 
21.746412 0.2989862 0.48749772 
21.760422 0.29921964 0.48769334 
21.774565 0.29945725 0.48788974 
21.78871 0.2996968 0.48808503 
21.802853 0.29993835 0.48827919 
21.816998 0.3001819 0.48847222 
21.831366 0.30043131 0.48866716 
21.845734 0.30068287 0.48886088 
21.8601 0.30093652 0.48905346 
21.874468 0.30119231 0.48924482 
21.8892 0.30145687 0.48943979 
21.903933 0.30172372 0.48963353 
21.918663 0.30199289 0.48982596 
21.933395 0.30226442 0.49001718 
21.948765 0.30255023 0.49021524 
21.964132 0.30283865 0.49041194 
21.979502 0.3031297 0.49060723 
21.994871 0.30342346 0.4908011 
22.011627 0.30374685 0.49101087 
22.028383 0.30407348 0.49121895 
22.045139 0.30440342 0.49142531 
22.061895 0.30473673 0.49162996 
22.083946 0.30518052 0.49189666 
22.105999 0.3056303 0.49216038 
22.12805 0.30608615 0.49242106 
22.150101 0.30654818 0.49267867 
22.167023 0.30690703 0.49287429 
22.183945 0.3072696 0.4930681 
22.200869 0.30763596 0.49326009 
22.217791 0.30800617 0.49345022 
22.232668 0.30833489 0.49361587 
22.247545 0.30866662 0.49378008 
22.262423 0.30900145 0.49394283 
22.2773 0.3093394 0.49410412 
22.290735 0.30964729 0.49424854 
22.304173 0.3099578 0.49439177 
22.317608 0.31027094 0.49453381 
22.331043 0.31058672 0.49467462 
22.34358 0.31088373 0.49480492 
22.356115 0.31118312 0.49493414 
22.36865 0.31148487 0.49506229 
22.381186 0.31178904 0.4951894 
22.393051 0.31207913 0.4953087 
22.404915 0.3123714 0.49542701 
22.416779 0.31266588 0.49554437 
22.428642 0.31296259 0.49566075 
22.439972 0.31324801 0.49577099 
22.451302 0.31353554 0.49588034 
22.462631 0.31382513 0.49598876 
22.473961 0.31411681 0.49609631 
22.484848 0.31439909 0.49619877 
22.495735 0.31468335 0.49630043 
22.506622 0.3149696 0.49640122 
22.517509 0.31525785 0.49650115 
22.528019 0.31553805 0.49659684 
22.53853 0.31582016 0.49669173 
22.549042 0.31610414 0.49678582 
22.559551 0.3163901 0.49687913 
22.569736 0.31666899 0.49696875 
22.57992 0.31694973 0.49705762 
22.590105 0.31723231 0.49714571 
22.600288 0.31751677 0.49723306 
22.610188 0.31779501 0.49731722 
22.620087 0.31807506 0.49740067 
22.629984 0.31835687 0.49748337 
22.639883 0.31864053 0.49756533 
22.649529 0.31891865 0.49764451 
22.659174 0.31919852 0.49772298 
22.668819 0.31948015 0.49780074 
22.678465 0.31976351 0.49787781 
22.687883 0.32004198 0.49795237 
22.697304 0.32032213 0.49802628 
22.706722 0.320604 0.49809951 
22.716143 0.3208876 0.49817204 
22.725359 0.32116675 0.49824235 
22.734575 0.32144761 0.49831203 
22.743792 0.32173011 0.49838102 
22.753008 0.3220143 0.49844936 
22.762043 0.32229453 0.4985157 
22.771076 0.32257643 0.49858141 
22.780111 0.32285994 0.4986465 
22.789146 0.32314515 0.49871093 
22.798016 0.32342675 0.49877355 
22.806887 0.32370999 0.49883556 
22.815756 0.32399487 0.49889693 
22.824627 0.32428139 0.49895769 
22.833349 0.3245647 0.49901682 
22.84207 0.32484964 0.49907532 
22.850792 0.32513615 0.49913323 
22.859514 0.32542428 0.49919051 
22.868103 0.32570964 0.49924633 
22.876692 0.32599655 0.49930155 
22.885281 0.32628503 0.49935615 
22.893869 0.32657516 0.49941018 
22.902338 0.32686272 0.49946284 
22.910807 0.32715186 0.49951491 
22.919273 0.32744259 0.49956638 
22.927742 0.32773486 0.49961728 
22.936102 0.32802501 0.49966693 
22.944462 0.32831669 0.49971601 
22.952822 0.32860994 0.49976453 
22.961184 0.32890478 0.49981245 
22.96945 0.32919785 0.49985924 
22.977716 0.32949245 0.4999055 
22.985983 0.32978863 0.49995115 
22.994251 0.33008635 0.49999622 
23.002436 0.33038267 0.50004029 
23.010622 0.33068055 0.5000838 
23.018808 0.33097997 0.50012672 
23.026993 0.33128092 0.5001691 
23.035109 0.33158085 0.50021052 
23.043224 0.33188227 0.50025141 
23.05134 0.33218524 0.50029171 
23.059456 0.33248976 0.50033146 
23.067513 0.33279362 0.50037032 
23.075569 0.33309901 0.50040865 
23.083626 0.33340591 0.50044644 
23.091682 0.33371437 0.50048363 
23.099693 0.33402255 0.50052005 
23.107702 0.33433229 0.50055593 
23.115713 0.33464354 0.50059122 
23.123724 0.33495632 0.50062597 
23.131699 0.3352693 0.50066 
23.139673 0.33558378 0.5006935 
23.14765 0.3358998 0.5007264 
23.155624 0.33621737 0.50075877 
23.163576 0.33653557 0.50079048 
23.17153 0.33685532 0.50082159 
23.179482 0.33717659 0.50085217 
23.187435 0.33749941 0.50088215 
23.195379 0.33782342 0.50091159 
23.203323 0.33814898 0.50094044 
23.211267 0.33847609 0.50096869 
23.219212 0.33880475 0.50099641 
23.227161 0.33913523 0.50102359 
23.235111 0.33946726 0.50105017 
23.243061 0.33980083 0.50107622 
23.251013 0.34013599 0.50110167 
23.258986 0.34047365 0.50112665 
23.266958 0.34081289 0.50115103 
23.274931 0.34115371 0.50117481 
23.282904 0.34149611 0.50119799 
23.29092 0.34184191 0.50122076 
23.298935 0.34218931 0.50124294 
23.306952 0.3425383 0.50126451 
23.314966 0.34288889 0.50128549 
23.323048 0.34324399 0.50130606 
23.331129 0.34360069 0.50132602 
23.339209 0.343959 0.5013454 
23.34729 0.34431896 0.50136411 
23.355467 0.34468478 0.50138253 
23.363644 0.3450523 0.50140023 
23.37182 0.34542146 0.50141734 
23.379995 0.34579226 0.50143385 
23.388306 0.34617087 0.50145 
23.396618 0.34655118 0.5014655 
23.404928 0.34693319 0.50148034 
23.413239 0.34731692 0.50149453 
23.421738 0.34771118 0.50150841 
23.430239 0.34810719 0.50152159 
23.438738 0.34850499 0.5015341 
23.447239 0.34890458 0.50154591 
23.456017 0.34931907 0.50155741 
23.464794 0.34973544 0.5015682 
23.473572 0.35015371 0.50157827 
23.482349 0.35057384 0.50158757 
23.49157 0.35101721 0.50159657 
23.500792 0.35146263 0.5016048 
23.510012 0.35191011 0.50161219 
23.519234 0.35235965 0.5016188 
23.529444 0.35285977 0.50162518 
23.539654 0.35336238 0.50163054 
23.549864 0.35386747 0.50163496 
23.560074 0.35437503 0.50163835 
23.571144 0.35492811 0.50164098 
23.582214 0.35548404 0.50164241 
23.593283 0.3560428 0.50164264 
23.604353 0.35660443 0.50164175 
23.614092 0.35710084 0.50163996 
23.623831 0.35759944 0.50163728 
23.63357 0.35810018 0.50163376 
23.643309 0.35860306 0.50162929 
23.652636 0.35908663 0.50162417 
23.661963 0.35957211 0.50161821 
23.671289 0.36005953 0.50161141 
23.680614 0.36054885 0.50160384 
23.689787 0.36103195 0.50159556 
23.698959 0.36151683 0.50158644 
23.708132 0.36200354 0.5015766 
23.717304 0.36249202 0.50156593 
23.726547 0.362986 0.50155437 
23.73579 0.36348176 0.50154197 
23.745031 0.36397928 0.5015288 
23.754274 0.36447856 0.50151479 
23.764168 0.36501494 0.50149894 
23.774061 0.36555326 0.50148213 
23.783955 0.36609355 0.50146443 
23.793848 0.36663571 0.50144583 
23.802877 0.36713213 0.50142801 
23.811905 0.36763009 0.50140941 
23.820932 0.36812961 0.5013901 
23.829962 0.36863062 0.50136995 
23.838434 0.36910221 0.5013504 
23.846907 0.36957508 0.5013302 
23.855379 0.37004924 0.50130928 
23.863852 0.3705247 0.5012877 
23.872055 0.37098616 0.50126618 
23.880257 0.37144879 0.50124401 
23.888458 0.37191257 0.50122124 
23.896662 0.37237749 0.50119787 
23.904652 0.37283146 0.50117451 
23.912642 0.37328649 0.50115049 
23.920631 0.37374255 0.50112593 
23.928623 0.37419963 0.50110078 
23.936457 0.37464875 0.50107557 
23.94429 0.37509882 0.50104976 
23.952126 0.37554982 0.50102341 
23.959959 0.37600175 0.50099653 
23.967676 0.3764478 0.50096947 
23.975393 0.37689471 0.50094187 
23.983109 0.37734249 0.50091374 
23.990826 0.37779111 0.50088507 
23.998455 0.37823546 0.50085616 
24.006084 0.37868059 0.50082678 
24.013714 0.37912652 0.50079685 
24.021343 0.3795732 0.5007664 
24.02891 0.38001692 0.5007357 
24.036476 0.38046139 0.50070447 
24.044043 0.38090655 0.50067276 
24.051609 0.38135242 0.50064051 
24.059132 0.38179639 0.50060791 
24.066654 0.38224104 0.50057489 
24.074177 0.38268632 0.50054133 
24.081699 0.38313225 0.5005073 
24.089195 0.38357726 0.50047284 
24.096693 0.38402286 0.50043792 
24.104189 0.38446909 0.50040251 
24.111687 0.38491586 0.50036663 
24.119173 0.38536263 0.50033027 
24.126659 0.38580993 0.50029343 
24.134148 0.3862578 0.50025612 
24.141634 0.38670614 0.50021833 
24.149126 0.38715532 0.50018007 
24.156616 0.38760498 0.50014126 
24.164108 0.38805512 0.50010204 
24.1716 0.3885057 0.50006229 
24.179111 0.38895792 0.50002199 
24.186621 0.38941059 0.49998122 
24.194132 0.38986367 0.49993998 
24.201643 0.39031717 0.49989823 
24.209187 0.39077309 0.49985585 
24.216732 0.39122942 0.49981299 
24.224276 0.39168611 0.49976966 
24.231819 0.39214319 0.49972585 
24.239412 0.39260346 0.49968132 
24.247004 0.39306408 0.49963629 
24.254595 0.39352503 0.49959078 
24.262186 0.39398631 0.49954483 
24.26984 0.39445168 0.49949801 
24.277494 0.39491731 0.49945074 
24.285149 0.39538324 0.49940297 
24.292803 0.39584944 0.49935475 
24.300535 0.39632064 0.49930558 
24.308268 0.39679208 0.4992559 
24.316 0.39726377 0.49920577 
24.323732 0.39773566 0.49915513 
24.33156 0.39821357 0.49910343 
24.339388 0.39869168 0.49905124 
24.347216 0.39916995 0.49899855 
24.355043 0.39964837 0.49894542 
24.362986 0.400134 0.498891 
24.37093 0.40061978 0.4988361 
24.378874 0.40110564 0.49878073 
24.386816 0.40159163 0.49872485 
24.394897 0.40208617 0.49866754 
24.402981 0.4025808 0.49860972 
24.411062 0.40307546 0.4985514 
24.419144 0.4035702 0.49849263 
24.427393 0.40407515 0.4984321 
24.43564 0.40458012 0.49837109 
24.44389 0.40508512 0.49830958 
24.452139 0.40559006 0.49824759 
24.460588 0.4061074 0.49818355 
24.46904 0.4066247 0.498119 
24.477491 0.40714192 0.49805391 
24.485943 0.40765905 0.49798831 
24.494646 0.40819147 0.49792024 
24.503349 0.40872377 0.49785164 
24.512053 0.40925595 0.49778253 
24.520754 0.40978795 0.49771285 
24.529781 0.41033959 0.49764004 
24.538809 0.41089103 0.49756664 
24.547836 0.41144225 0.4974927 
24.556864 0.41199324 0.49741822 
24.566339 0.41257131 0.49733943 
24.575815 0.41314909 0.49726 
24.585291 0.41372657 0.49718001 
24.594767 0.41430366 0.49709943 
24.604967 0.41492459 0.49701199 
24.61517 0.41554505 0.49692386 
24.62537 0.41616502 0.49683508 
24.635572 0.41678452 0.49674562 
24.647861 0.41753012 0.49663696 
24.660152 0.41827494 0.49652731 
24.672441 0.41901892 0.49641675 
24.684731 0.41976202 0.49630523 
24.695446 0.42040923 0.49620724 
24.706163 0.42105573 0.49610853 
24.716879 0.42170152 0.49600914 
24.727594 0.42234653 0.49590907 
24.73777 0.42295825 0.4958134 
24.747944 0.42356926 0.49571711 
24.75812 0.42417955 0.49562022 
24.768293 0.42478904 0.49552271 
24.778204 0.42538196 0.49542716 
24.788115 0.42597413 0.49533108 
24.798027 0.42656553 0.4952344 
24.807938 0.42715615 0.49513718 
24.817732 0.42773908 0.49504057 
24.827526 0.42832118 0.49494341 
24.837322 0.42890251 0.49484572 
24.847116 0.429483 0.49474752 
24.856859 0.43005961 0.49464932 
24.866604 0.43063536 0.49455059 
24.876347 0.43121028 0.49445137 
24.886091 0.43178433 0.49435166 
24.895832 0.43235734 0.49425143 
24.905573 0.43292949 0.49415076 
24.915314 0.43350071 0.49404958 
24.925055 0.434071 0.49394789 
24.934832 0.43464246 0.49384537 
24.944609 0.435213 0.49374238 
24.954386 0.43578255 0.4936389 
24.964163 0.43635115 0.49353492 
24.97401 0.43692285 0.49342975 
24.983856 0.43749356 0.49332413 
24.993704 0.43806323 0.493218 
25.003551 0.43863192 0.49311143 
25.013502 0.43920556 0.49300325 
25.023455 0.43977815 0.49289462 
25.033405 0.44034964 0.49278554 
25.043358 0.44092008 0.49267599 
25.053448 0.44149742 0.49256444 
25.06354 0.44207361 0.49245244 
25.073631 0.44264871 0.49233997 
25.083723 0.44322261 0.49222705 
25.093994 0.44380569 0.49211165 
25.104267 0.44438756 0.49199578 
25.11454 0.44496819 0.49187946 
25.124813 0.44554764 0.4917627 
25.135321 0.4461391 0.4916428 
25.145828 0.44672924 0.49152243 
25.156338 0.44731814 0.49140161 
25.166845 0.44790569 0.49128032 
25.177679 0.44851011 0.49115482 
25.188513 0.44911316 0.49102882 
25.199348 0.44971478 0.49090236 
25.210182 0.450315 0.49077547 
25.221554 0.45094344 0.49064177 
25.232924 0.45157033 0.49050757 
25.244295 0.45219561 0.4903729 
25.255667 0.45281935 0.49023771 
25.268349 0.45351312 0.49008638 
25.281031 0.45420489 0.48993447 
25.293713 0.45489469 0.48978198 
25.306396 0.45558247 0.48962888 
25.317987 0.45620936 0.48948848 
25.329578 0.45683458 0.48934758 
25.341171 0.45745814 0.48920625 
25.352762 0.45807999 0.48906443 
25.364037 0.45868319 0.48892608 
25.375311 0.45928481 0.48878729 
25.386585 0.45988482 0.48864809 
25.397858 0.46048322 0.48850846 
25.408985 0.46107224 0.48837027 
25.420113 0.4616597 0.48823169 
25.431238 0.46224558 0.48809272 
25.442366 0.46282989 0.48795334 
25.453428 0.46340922 0.48781443 
25.464489 0.46398696 0.4876751 
25.47555 0.46456319 0.48753545 
25.486612 0.46513784 0.48739541 
25.497654 0.46570998 0.48725525 
25.508698 0.46628058 0.48711476 
25.519741 0.4668496 0.48697388 
25.530783 0.46741709 0.48683268 
25.54184 0.46798372 0.48669097 
25.552896 0.46854877 0.4865489 
25.563951 0.46911231 0.48640651 
25.575008 0.46967426 0.48626378 
25.586102 0.47023651 0.48612025 
25.597193 0.47079718 0.48597643 
25.608286 0.4713563 0.48583227 
25.619377 0.47191387 0.48568776 
25.630526 0.47247267 0.48554224 
25.641674 0.47302991 0.48539641 
25.652822 0.47358555 0.48525026 
25.663971 0.47413966 0.48510382 
25.675192 0.47469571 0.48495612 
25.686411 0.47525021 0.48480812 
25.697632 0.47580311 0.48465982 
25.708851 0.47635445 0.48451123 
25.720158 0.47690842 0.4843612 
25.731464 0.4774608 0.48421088 
25.742771 0.47801161 0.48406026 
25.754076 0.47856081 0.48390937 
25.765482 0.47911313 0.4837569 
25.776886 0.47966385 0.48360413 
25.78829 0.48021299 0.4834511 
25.799694 0.48076048 0.48329777 
25.811211 0.48131171 0.4831427 
25.822725 0.48186129 0.48298734 
25.834242 0.48240927 0.48283172 
25.845758 0.4829556 0.48267582 
25.857397 0.48350611 0.48251802 
25.869034 0.48405495 0.48235995 
25.880672 0.48460218 0.48220161 
25.892311 0.48514774 0.48204303 
25.904083 0.48569793 0.48188236 
25.915855 0.48624644 0.48172143 
25.927629 0.48679325 0.48156026 
25.939402 0.48733845 0.48139885 
25.951319 0.48788863 0.48123518 
25.963236 0.48843718 0.48107129 
25.975153 0.48898399 0.48090714 
25.98707 0.48952913 0.48074275 
25.999144 0.49007964 0.48057601 
26.011215 0.49062845 0.480409 
26.023289 0.49117553 0.48024178 
26.03536 0.49172091 0.48007432 
26.0476 0.49227208 0.47990432 
26.059839 0.49282151 0.47973409 
26.072077 0.49336919 0.47956362 
26.084316 0.49391517 0.47939295 
26.096733 0.49446729 0.47921959 
26.10915 0.49501768 0.47904599 
26.121567 0.49556628 0.47887215 
26.133982 0.49611312 0.47869813 
26.146589 0.49666652 0.47852123 
26.159195 0.49721813 0.47834414 
26.171801 0.49776796 0.47816682 
26.184406 0.49831599 0.47798929 
26.197212 0.49887097 0.47780871 
26.21002 0.49942413 0.47762796 
26.222828 0.4999755 0.47744697 
26.235636 0.50052506 0.47726581 
26.248657 0.50108194 0.47708139 
26.261679 0.50163704 0.47689679 
26.274702 0.50219023 0.47671199 
26.287724 0.50274163 0.47652698 
26.300974 0.50330085 0.47633857 
26.314224 0.50385815 0.47614995 
26.327477 0.50441355 0.47596115 
26.340727 0.50496709 0.47577214 
26.354219 0.50552893 0.47557953 
26.367714 0.50608885 0.47538671 
26.381208 0.50664681 0.47519371 
26.394703 0.50720292 0.47500053 
26.408457 0.5077678 0.47480345 
26.422211 0.5083307 0.47460622 
26.435965 0.5088917 0.47440881 
26.44972 0.50945073 0.47421122 
26.463753 0.51001912 0.47400948 
26.477785 0.51058549 0.47380757 
26.491817 0.51114982 0.47360551 
26.50585 0.51171225 0.4734033 
26.520182 0.51228464 0.47319663 
26.534513 0.51285493 0.47298977 
26.548843 0.51342326 0.47278279 
26.563175 0.51398951 0.47257563 
26.577829 0.51456648 0.47236371 
26.592484 0.51514137 0.47215161 
26.607138 0.51571417 0.47193936 
26.621792 0.51628488 0.47172698 
26.636795 0.5168671 0.4715094 
26.651798 0.51744723 0.47129169 
26.666803 0.51802522 0.47107384 
26.681807 0.51860106 0.47085586 
26.697193 0.51918942 0.47063217 
26.71258 0.51977563 0.47040838 
26.727966 0.52035964 0.47018445 
26.743353 0.52094144 0.46996042 
26.759161 0.52153695 0.46973011 
26.774969 0.52213025 0.46949968 
26.790779 0.52272129 0.46926916 
26.806587 0.52331007 0.46903852 
26.82287 0.52391416 0.46880084 
26.839151 0.52451593 0.46856308 
26.855434 0.52511537 0.46832523 
26.871716 0.52571249 0.46808726 
26.88854 0.52632707 0.46784127 
26.905363 0.52693921 0.46759519 
26.922188 0.52754897 0.46734905 
26.939011 0.52815628 0.4671028 
26.956474 0.5287841 0.46684712 
26.973936 0.52940941 0.46659136 
26.991398 0.5300321 0.46633554 
27.00886 0.53065234 0.46607962 
27.027115 0.53129804 0.46581203 
27.04537 0.53194106 0.46554437 
27.063625 0.53258139 0.46527666 
27.081881 0.53321898 0.46500885 
27.101227 0.53389186 0.46472502 
27.120573 0.53456175 0.46444112 
27.139921 0.53522873 0.46415716 
27.159267 0.53589278 0.46387318 
27.180691 0.53662473 0.46355864 
27.202116 0.53735322 0.46324408 
27.223539 0.53807819 0.46292949 
27.244965 0.5387997 0.46261486 
27.267143 0.53954303 0.46228915 
27.289322 0.54028273 0.46196344 
27.311502 0.54101884 0.46163774 
27.333681 0.54175133 0.46131203 
27.354761 0.54244429 0.46100247 
27.375843 0.54313409 0.46069294 
27.396923 0.54382074 0.46038342 
27.418005 0.54450423 0.46007395 
27.438351 0.54516095 0.4597753 
27.458696 0.54581481 0.45947671 
27.479042 0.54646581 0.45917815 
27.499388 0.54711401 0.45887965 
27.5194 0.54774892 0.4585861 
27.539413 0.54838115 0.45829257 
27.559425 0.54901069 0.45799917 
27.579439 0.54963762 0.4577058 
27.599291 0.55025685 0.45741487 
27.619143 0.55087358 0.45712402 
27.638994 0.55148774 0.45683327 
27.658846 0.55209941 0.45654258 
27.678633 0.5527066 0.45625296 
27.69842 0.55331129 0.4559634 
27.718204 0.55391359 0.45567399 
27.737991 0.55451339 0.45538464 
27.757776 0.55511075 0.45509544 
27.777559 0.55570573 0.45480639 
27.797344 0.55629838 0.45451739 
27.817127 0.55688864 0.45422855 
27.836954 0.55747777 0.45393923 
27.856779 0.55806464 0.45365003 
27.876604 0.55864918 0.45336094 
27.896431 0.5592314 0.45307198 
27.91633 0.55981356 0.45278209 
27.936232 0.56039351 0.45249233 
27.956133 0.56097114 0.45220271 
27.976034 0.56154656 0.45191324 
27.996035 0.56212264 0.45162246 
28.016037 0.56269652 0.45133179 
28.036039 0.56326818 0.45104134 
28.056042 0.56383765 0.45075101 
28.076164 0.56440842 0.45045909 
28.096289 0.56497699 0.45016733 
28.116413 0.56554341 0.44987574 
28.136538 0.56610769 0.44958436 
28.156801 0.56667376 0.44929111 
28.177067 0.56723762 0.44899803 
28.19733 0.56779939 0.44870514 
28.217596 0.56835902 0.44841245 
28.238016 0.56892085 0.4481177 
28.258438 0.5694806 0.44782314 
28.278858 0.5700382 0.44752878 
28.299278 0.57059371 0.44723463 
28.31987 0.57115179 0.44693828 
28.34046 0.57170779 0.4466421 
28.36105 0.57226163 0.44634613 
28.381641 0.57281351 0.44605041 
28.402414 0.57336813 0.44575229 
28.423187 0.57392073 0.44545439 
28.44396 0.57447129 0.44515672 
28.464731 0.57501984 0.4448593 
28.485699 0.57557142 0.44455934 
28.506664 0.57612091 0.44425964 
28.52763 0.57666844 0.44396016 
28.548595 0.57721394 0.44366094 
28.569765 0.57776272 0.44335908 
28.590935 0.57830948 0.44305748 
28.612104 0.57885426 0.44275615 
28.633272 0.57939702 0.44245505 
28.654655 0.5799433 0.44215122 
28.676039 0.58048755 0.44184762 
28.69742 0.58102977 0.44154432 
28.718803 0.58157009 0.44124132 
28.740408 0.58211404 0.44093543 
28.762012 0.58265597 0.44062984 
28.783619 0.58319598 0.44032454 
28.805223 0.58373404 0.44001952 
28.827059 0.5842759 0.43971154 
28.848894 0.58481574 0.43940389 
28.870729 0.58535367 0.43909651 
28.892567 0.5858897 0.43878946 
28.91464 0.58642966 0.43847936 
28.936716 0.58696759 0.43816957 
28.958792 0.58750367 0.4378601 
28.980867 0.58803785 0.43755096 
29.003189 0.58857602 0.43723866 
29.025513 0.58911228 0.43692672 
29.047836 0.58964664 0.43661511 
29.070158 0.59017915 0.43630385 
29.092737 0.59071577 0.43598938 
29.115314 0.59125048 0.43567523 
29.137892 0.59178329 0.43536147 
29.160469 0.59231418 0.43504804 
29.18331 0.59284937 0.43473133 
29.20615 0.59338266 0.43441501 
29.228991 0.59391403 0.43409905 
29.251831 0.59444356 0.43378344 
29.27494 0.59497744 0.4334645 
29.29805 0.59550947 0.43314594 
29.321159 0.59603959 0.43282777 
29.344269 0.59656781 0.43250999 
29.367657 0.59710056 0.43218875 
29.391045 0.59763139 0.43186796 
29.414431 0.59816033 0.43154752 
29.437819 0.59868747 0.43122754 
29.461491 0.59921914 0.43090403 
29.485163 0.59974891 0.43058094 
29.508835 0.60027689 0.43025827 
29.532507 0.60080296 0.42993605 
29.556471 0.60133368 0.42961025 
29.580433 0.60186255 0.4292849 
29.604397 0.60238957 0.42896 
29.628361 0.60291475 0.42863551 
29.652622 0.60344464 0.42830741 
29.676886 0.60397267 0.4279798 
29.701147 0.60449886 0.4276526 
29.72541 0.60502326 0.42732587 
29.749979 0.60555238 0.42699549 
29.774546 0.6060797 0.42666557 
29.799114 0.60660517 0.42633611 
29.823683 0.6071288 0.42600712 
29.848564 0.60765731 0.42567444 
29.873446 0.60818398 0.42534223 
29.898327 0.6087088 0.4250105 
29.923208 0.60923183 0.42467925 
29.94841 0.60975975 0.42434424 
29.97361 0.61028588 0.42400974 
29.998812 0.61081016 0.42367575 
30.024014 0.61133265 0.42334226 
30.049541 0.6118601 0.42300496 
30.075069 0.61238569 0.42266816 
30.100597 0.6129095 0.4223319 
30.126125 0.61343151 0.42199615 
30.151989 0.6139586 0.42165655 
30.177851 0.61448377 0.42131749 
30.203712 0.61500722 0.42097896 
30.229576 0.61552882 0.42064101 
30.255779 0.61605555 0.42029911 
30.281982 0.61658043 0.41995776 
30.308187 0.61710358 0.419617 
30.334391 0.61762488 0.41927677 
30.360943 0.61815131 0.41893259 
30.387495 0.61867595 0.418589 
30.414047 0.6191988 0.41824597 
30.440599 0.61971992 0.41790354 
30.467508 0.62024617 0.41755709 
30.494417 0.62077063 0.41721123 
30.521326 0.62129331 0.41686597 
30.548233 0.62181419 0.41652131 
30.575506 0.62234032 0.41617262 
30.602777 0.62286466 0.41582453 
30.630051 0.62338722 0.41547704 
30.657322 0.62390798 0.4151302 
30.684965 0.62443405 0.41477925 
30.712606 0.62495834 0.41442895 
30.74025 0.62548077 0.41407928 
30.767891 0.62600154 0.41373023 
30.795912 0.62652755 0.41337708 
30.823933 0.62705183 0.41302457 
30.851954 0.62757432 0.4126727 
30.879974 0.62809503 0.41232151 
30.908381 0.62862116 0.41196615 
30.936789 0.62914544 0.41161144 
30.965195 0.629668 0.41125742 
30.993603 0.63018876 0.41090408 
31.022404 0.63071495 0.41054651 
31.051205 0.63123941 0.41018966 
31.080006 0.63176203 0.40983349 
31.108807 0.63228291 0.40947804 
31.13801 0.63280928 0.40911829 
31.167212 0.63333386 0.4087593 
31.196415 0.63385665 0.40840101 
31.225618 0.63437772 0.40804347 
31.25523 0.63490427 0.40768161 
31.284843 0.63542902 0.4073205 
31.314455 0.63595206 0.40696013 
31.344067 0.6364733 0.40660048 
31.374098 0.63700008 0.40623653 
31.404129 0.63752508 0.40587333 
31.434158 0.63804835 0.4055109 
31.46419 0.63856983 0.40514922 
31.494646 0.63909698 0.40478319 
31.525103 0.63962227 0.40441793 
31.555559 0.64014584 0.40405345 
31.586018 0.64066762 0.40368974 
31.616909 0.64119506 0.40332165 
31.6478 0.64172071 0.40295437 
31.678692 0.64224458 0.40258789 
31.709585 0.64276671 0.40222222 
31.740921 0.64329451 0.4018521 
31.772255 0.64382058 0.40148279 
31.803591 0.64434487 0.40111434 
31.834927 0.64486736 0.4007467 
31.866714 0.64539558 0.40037462 
31.898502 0.64592201 0.40000337 
31.93029 0.6464467 0.39963296 
31.962078 0.64696962 0.39926344 
31.994328 0.64749831 0.39888936 
32.026577 0.64802521 0.39851621 
32.058826 0.64855039 0.39814389 
32.091076 0.64907372 0.39777246 
32.123798 0.64960295 0.39739648 
32.156521 0.65013039 0.39702138 
32.189243 0.65065598 0.39664721 
32.221962 0.65117985 0.39627391 
32.255165 0.65170962 0.39589608 
32.288368 0.65223753 0.39551914 
32.321568 0.65276372 0.39514312 
32.354771 0.65328807 0.39476803 
32.388462 0.65381837 0.39438835 
32.422153 0.65434688 0.39400962 
32.455845 0.65487361 0.39363182 
32.489536 0.65539849 0.39325497 
32.523727 0.65592945 0.39287347 
32.557919 0.65645856 0.39249295 
32.592113 0.65698588 0.39211339 
32.626305 0.65751141 0.39173478 
32.661011 0.65804297 0.39135152 
32.695713 0.65857273 0.39096928 
32.730415 0.65910065 0.39058802 
32.765118 0.65962678 0.39020774 
32.800346 0.66015905 0.38982275 
32.835571 0.66068941 0.38943881 
32.870796 0.66121805 0.38905585 
32.906021 0.66174483 0.38867393 
32.941776 0.66227776 0.38828731 
32.977535 0.66280884 0.38790169 
33.01329 0.66333812 0.38751712 
33.049049 0.66386563 0.38713363 
33.08535 0.66439927 0.38674533 
33.121651 0.66493112 0.38635814 
33.157951 0.66546112 0.38597199 
33.194252 0.66598928 0.38558695 
33.23111 0.66652369 0.38519707 
33.267963 0.66705626 0.38480833 
33.304821 0.66758698 0.38442066 
33.341675 0.66811591 0.3840341 
33.379101 0.66865116 0.3836427 
33.416523 0.66918451 0.38325244 
33.453949 0.669716 0.38286328 
33.491371 0.67024571 0.38247526 
33.529373 0.67078173 0.38208237 
33.567379 0.67131591 0.38169065 
33.605381 0.67184824 0.38130006 
33.643387 0.67237872 0.38091063 
33.681984 0.67291558 0.38051629 
33.720581 0.67345059 0.38012314 
33.759178 0.67398375 0.37973115 
33.797775 0.67451507 0.37934035 
33.836979 0.67505282 0.37894464 
33.876179 0.67558867 0.37855014 
33.915382 0.67612267 0.37815684 
33.954586 0.67665482 0.37776473 
33.994408 0.67719346 0.37736768 
34.034229 0.67773026 0.37697184 
34.074051 0.67826515 0.37657726 
34.113876 0.67879814 0.3761839 
34.154331 0.67933774 0.37578556 
34.194786 0.67987537 0.37538847 
34.235245 0.68041116 0.37499267 
34.2757 0.6809451 0.37459812 
34.316807 0.68148559 0.37419853 
34.35791 0.68202424 0.37380025 
34.399017 0.68256098 0.37340325 
34.440125 0.68309581 0.37300754 
34.481895 0.68363738 0.37260675 
34.523666 0.68417698 0.37220728 
34.565441 0.68471467 0.37180912 
34.607212 0.68525046 0.37141231 
34.649662 0.68579298 0.37101042 
34.692112 0.6863336 0.37060988 
34.734562 0.68687224 0.37021071 
34.777012 0.68740892 0.36981288 
34.820164 0.68795258 0.36940986 
34.863316 0.68849427 0.36900824 
34.906464 0.68903399 0.368608 
34.949615 0.68957174 0.36820915 
34.993484 0.69011641 0.36780509 
35.03735 0.69065917 0.36740249 
35.081215 0.6911999 0.3670013 
35.12508 0.69173867 0.3666015 
35.169678 0.69228446 0.36619648 
35.214279 0.69282824 0.36579293 
35.258877 0.69337004 0.36539084 
35.303474 0.69390988 0.36499017 
35.348827 0.69445688 0.36458424 
35.39418 0.69500178 0.36417979 
35.439533 0.69554472 0.3637768 
35.484886 0.69608563 0.36337534 
35.531013 0.69663376 0.3629685 
35.577141 0.69717985 0.36256319 
35.623268 0.69772393 0.36215943 
35.669395 0.69826597 0.36175716 
35.716316 0.69881529 0.36134952 
35.763237 0.69936258 0.36094341 
35.810162 0.69990784 0.36053887 
35.857082 0.70045108 0.36013588 
35.904827 0.7010017 0.35972741 
35.952572 0.7015503 0.35932052 
36.000317 0.70209682 0.35891524 
36.048061 0.70264125 0.35851154 
36.096653 0.70319325 0.35810229 
36.145245 0.70374316 0.35769469 
36.193836 0.70429105 0.35728869 
36.242428 0.70483679 0.35688433 
36.291885 0.7053901 0.3564744 
36.341343 0.70594132 0.35606617 
36.390797 0.70649046 0.35565957 
36.440254 0.70703745 0.35525465 
36.490608 0.70759219 0.35484406 
36.540958 0.70814484 0.35443521 
36.591312 0.70869529 0.35402805 
36.641663 0.70924366 0.35362259 
36.69294 0.70979989 0.3532114 
36.744213 0.71035391 0.35280198 
36.79549 0.71090579 0.35239431 
36.846764 0.71145552 0.35198835 
36.898994 0.71201324 0.35157663 
36.951221 0.71256882 0.35116667 
37.003452 0.71312213 0.35075849 
37.055679 0.71367329 0.35035208 
37.108894 0.71423268 0.34993982 
37.162113 0.71478981 0.34952936 
37.215328 0.71534473 0.34912074 
37.268543 0.71589738 0.3487139 
37.322781 0.71645844 0.34830114 
37.377018 0.71701717 0.34789023 
37.431255 0.7175737 0.34748116 
37.485493 0.71812797 0.34707397 
37.540794 0.71869081 0.3466607 
37.596092 0.71925133 0.34624934 
37.65139 0.71980953 0.34583989 
37.706688 0.72036546 0.34543234 
37.763092 0.72093022 0.34501857 
37.819496 0.72149259 0.34460676 
37.875896 0.72205269 0.34419692 
37.932301 0.72261041 0.34378898 
37.989849 0.72317713 0.34337479 
38.047398 0.72374147 0.34296256 
38.104946 0.72430342 0.34255233 
38.162495 0.72486305 0.3421441 
38.221245 0.72543198 0.34172937 
38.279991 0.72599846 0.34131673 
38.338741 0.7265625 0.34090608 
38.397491 0.72712421 0.34049749 
38.457493 0.72769541 0.34008226 
38.517498 0.72826421 0.33966914 
38.577499 0.72883052 0.3392581 
38.637505 0.72939444 0.33884913 
38.698826 0.72996819 0.33843333 
38.760143 0.73053944 0.3380197 
38.821465 0.73110819 0.33760822 
38.882786 0.73167449 0.33719885 
38.945499 0.73225111 0.3367824 
39.008209 0.7328251 0.33636814 
39.070923 0.73339659 0.3359561 
39.133633 0.73396558 0.33554623 
39.197819 0.73454529 0.33512899 
39.262009 0.73512244 0.33471406 
39.326195 0.73569691 0.33430135 
39.390381 0.73626888 0.33389089 
39.456139 0.73685211 0.3334727 
39.521896 0.73743272 0.33305687 
39.587654 0.73801064 0.33264333 
39.653412 0.73858595 0.33223212 
39.72086 0.73917329 0.33181274 
39.788311 0.7397579 0.33139575 
39.855759 0.74033976 0.33098117 
39.92321 0.74091887 0.33056894 
39.9925 0.74151105 0.33014795 
40.06179 0.74210036 0.32972944 
40.131081 0.74268687 0.32931343 
40.200371 0.74327058 0.32889986 
40.271694 0.74386859 0.3284767 
40.343021 0.74446362 0.3280561 
40.414345 0.74505574 0.32763809 
40.485672 0.74564505 0.32722262 
40.559296 0.74625027 0.32679641 
40.632915 0.74685246 0.32637292 
40.706539 0.74745166 0.32595208 
40.780163 0.74804789 0.32553387 
40.856487 0.74866283 0.32510313 
40.932808 0.74927455 0.3246752 
41.009132 0.74988317 0.3242501 
41.085457 0.75048864 0.32382774 
41.165184 0.75111777 0.32338953 
41.244911 0.75174356 0.3229543 
41.324635 0.75236601 0.32252204 
41.404362 0.75298512 0.32209277 
41.489262 0.75364077 0.32163885 
41.574162 0.75429273 0.32118827 
41.659061 0.75494099 0.32074097 
41.743961 0.75558555 0.32029691 
41.834618 0.75626987 0.31982636 
41.925274 0.75695002 0.31935945 
42.01593 0.75762612 0.3188962 
42.106586 0.75829816 0.31843656 
42.196796 0.75896287 0.31798276 
42.287006 0.75962365 0.31753248 
42.377216 0.76028055 0.31708568 
42.467426 0.76093352 0.31664237 
42.554192 0.76155794 0.31621924 
42.640961 0.76217878 0.31579927 
42.72773 0.7627961 0.31538245 
42.814499 0.76340997 0.31496876 
42.899998 0.76401144 0.31456414 
42.985497 0.76460952 0.31416252 
43.070992 0.76520431 0.31376389 
43.15649 0.76579583 0.3133682 
43.241428 0.76638013 0.31297797 
43.326366 0.76696128 0.31259063 
43.411301 0.76753926 0.31220615 
43.496239 0.76811403 0.31182447 
43.580978 0.76868427 0.31144649 
43.665714 0.76925147 0.31107131 
43.750454 0.7698155 0.31069887 
43.83519 0.7703765 0.31032914 
43.919937 0.77093452 0.30996212 
44.004681 0.77148944 0.30959779 
44.089424 0.77204138 0.30923614 
44.174171 0.77259034 0.30887717 
44.259056 0.77313721 0.30852023 
44.343945 0.77368116 0.30816591 
44.428829 0.77422208 0.30781421 
44.513718 0.77476013 0.30746508 
44.598839 0.77529675 0.30711758 
44.68396 0.77583045 0.30677265 
44.769085 0.77636129 0.30643028 
44.854206 0.77688926 0.30609044 
44.939632 0.77741623 0.30575189 
45.025063 0.77794039 0.30541587 
45.110489 0.77846169 0.30508235 
45.195915 0.77898014 0.30475128 
45.2817 0.77949798 0.30442134 
45.367485 0.78001302 0.30409384 
45.45327 0.78052527 0.30376878 
45.539055 0.78103477 0.30344614 
45.625229 0.78154379 0.30312446 
45.711407 0.78205007 0.30280522 
45.797581 0.78255361 0.30248833 
45.883759 0.78305441 0.30217385 
45.970356 0.78355497 0.30186018 
46.056953 0.78405285 0.3015489 
46.143555 0.78454798 0.30123994 
46.230152 0.78504044 0.30093333 
46.317196 0.78553271 0.30062747 
46.40424 0.78602237 0.30032393 
46.491283 0.78650934 0.30002269 
46.578327 0.78699368 0.29972374 
46.665833 0.78747791 0.29942548 
46.753342 0.78795952 0.29912952 
46.840847 0.78843856 0.29883578 
46.928352 0.78891492 0.29854429 
47.016338 0.78939134 0.29825348 
47.104321 0.78986508 0.29796487 
47.192303 0.79033631 0.29767847 
47.280289 0.79080492 0.29739428 
47.368763 0.79127359 0.29711071 
47.457241 0.79173976 0.29682931 
47.545719 0.79220331 0.2965501 
47.634193 0.79266435 0.29627302 
47.723171 0.79312545 0.29599655 
47.812145 0.79358399 0.29572222 
47.901119 0.79404002 0.29545003 
47.990097 0.79449362 0.29517993 
48.079578 0.79494721 0.29491043 
48.169064 0.79539835 0.29464301 
48.258549 0.795847 0.29437771 
48.34803 0.7962932 0.29411444 
48.438034 0.79673946 0.29385176 
48.528038 0.79718333 0.29359111 
48.618042 0.79762471 0.29333252 
48.708046 0.79806364 0.29307598 
48.798573 0.79850268 0.29281995 
48.889099 0.79893929 0.29256594 
48.979626 0.79937345 0.29231396 
49.070152 0.79980522 0.29206398 
49.161209 0.80023718 0.29181451 
49.25227 0.80066663 0.29156703 
49.343327 0.80109376 0.29132152 
49.434383 0.80151844 0.29107794 
49.525982 0.8019433 0.29083487 
49.61758 0.80236578 0.29059377 
49.709179 0.80278593 0.29035458 
49.800777 0.8032037 0.29011732 
49.892925 0.80362159 0.28988054 
49.985069 0.80403715 0.28964567 
50.077217 0.80445039 0.28941268 
50.169361 0.80486125 0.28918159 
50.262066 0.80527234 0.28895095 
50.354767 0.80568105 0.28872219 
50.447468 0.80608749 0.28849527 
50.540173 0.80649161 0.28827021 
50.633438 0.80689585 0.28804561 
50.726704 0.80729789 0.28782284 
50.819973 0.80769759 0.28760189 
50.913239 0.80809498 0.28738272 
51.007084 0.8084926 0.287164 
51.100925 0.80888796 0.28694707 
51.194771 0.80928105 0.28673193 
51.288616 0.80967188 0.28651854 
51.383045 0.81006294 0.28630561 
51.477478 0.81045169 0.2860944 
51.571907 0.81083828 0.28588495 
51.666336 0.81122261 0.28567722 
51.761368 0.81160712 0.28546992 
51.8564 0.81198943 0.28526431 
51.951431 0.81236959 0.28506041 
52.046459 0.81274748 0.2848582 
52.142101 0.81312561 0.28465641 
52.237743 0.81350154 0.28445628 
52.333385 0.81387532 0.2842578 
52.429028 0.81424689 0.28406101 
52.525299 0.81461871 0.28386459 
52.621567 0.81498837 0.2836698 
52.717838 0.81535584 0.28347665 
52.814106 0.81572121 0.28328514 
52.911022 0.81608683 0.28309393 
53.007935 0.8164503 0.28290439 
53.104851 0.81681156 0.28271642 
53.201767 0.8171708 0.28253004 
53.299339 0.81753027 0.28234398 
53.396915 0.8178876 0.28215951 
53.494488 0.81824285 0.28197661 
53.592064 0.81859595 0.28179526 
53.690323 0.8189494 0.28161421 
53.788582 0.81930077 0.28143471 
53.886841 0.81964999 0.28125674 
53.9851 0.81999713 0.28108031 
54.084061 0.82034469 0.28090411 
54.183025 0.8206901 0.28072944 
54.281986 0.82103342 0.28055629 
54.380951 0.82137471 0.28038463 
54.480637 0.82171637 0.28021321 
54.580326 0.82205594 0.28004327 
54.680016 0.82239348 0.27987483 
54.779701 0.82272893 0.27970782 
54.880142 0.82306486 0.27954105 
54.980579 0.82339871 0.2793757 
55.08102 0.82373053 0.27921182 
55.181461 0.82406026 0.27904937 
55.282677 0.82439053 0.27888709 
55.383896 0.82471871 0.27872625 
55.485111 0.82504487 0.27856684 
55.58633 0.825369 0.27840883 
55.688354 0.82569367 0.27825093 
55.790382 0.82601631 0.27809447 
55.892406 0.82633692 0.27793938 
55.994434 0.82665551 0.27778569 
56.097301 0.82697469 0.27763209 
56.200172 0.82729185 0.27747986 
56.30304 0.82760704 0.277329 
56.40591 0.8279202 0.27717948 
56.509651 0.82823396 0.27703008 
56.613392 0.82854575 0.27688199 
56.717129 0.82885551 0.27673525 
56.820869 0.82916331 0.27658984 
56.925522 0.82947177 0.27644446 
57.030174 0.82977825 0.27630043 
57.134827 0.83008277 0.27615771 
57.239483 0.83038527 0.27601627 
57.345085 0.83068854 0.27587485 
57.450691 0.83098984 0.27573472 
57.556293 0.83128911 0.27559587 
57.6619 0.83158642 0.27545831 
57.768494 0.83188456 0.27532074 
57.875088 0.83218068 0.27518442 
57.981686 0.83247483 0.27504939 
58.08828 0.83276707 0.27491561 
58.195915 0.83306015 0.27478176 
58.303547 0.83335125 0.27464914 
58.411182 0.8336404 0.2745178 
58.518818 0.83392757 0.27438766 
58.627541 0.83421564 0.27425745 
58.736263 0.8345018 0.27412847 
58.844986 0.834786 0.2740007 
58.953709 0.83506823 0.27387413 
59.063572 0.83535141 0.27374747 
59.173431 0.83563268 0.27362198 
59.283295 0.83591199 0.2734977 
59.393158 0.83618933 0.27337462 
59.504215 0.83646774 0.27325135 
59.615269 0.83674419 0.27312931 
59.726326 0.83701873 0.27300841 
59.837383 0.8372913 0.27288869 
59.949699 0.837565 0.2727688 
60.062016 0.83783668 0.27265003 
60.174328 0.83810651 0.27253243 
60.286644 0.83837438 0.272416 
60.40028 0.83864337 0.27229932 
60.51392 0.83891046 0.27218381 
60.627556 0.83917564 0.27206942 
60.741196 0.83943886 0.27195615 
60.85622 0.83970332 0.27184266 
60.971245 0.83996582 0.27173024 
61.086273 0.84022641 0.27161899 
61.201298 0.84048504 0.27150881 
61.317791 0.84074497 0.27139837 
61.434284 0.841003 0.27128902 
61.550781 0.84125906 0.27118078 
61.667274 0.84151322 0.27107364 
61.78532 0.8417688 0.27096614 
61.903366 0.84202242 0.27085978 
62.021412 0.84227407 0.27075446 
62.139458 0.84252375 0.27065024 
62.259132 0.84277499 0.27054566 
62.378803 0.84302419 0.27044216 
62.498478 0.84327149 0.2703397 
62.618153 0.84351683 0.27023834 
62.739559 0.84376377 0.27013654 
62.86097 0.84400868 0.27003583 
62.982376 0.84425169 0.26993617 
63.103786 0.84449273 0.26983756 
63.22702 0.84473544 0.2697385 
63.350254 0.84497619 0.26964051 
63.473492 0.84521496 0.26954353 
63.596725 0.84545177 0.26944759 
63.721905 0.84569037 0.26935121 
63.847084 0.84592694 0.26925585 
63.972263 0.84616154 0.26916149 
64.097443 0.84639418 0.26906818 
64.224678 0.84662867 0.26897436 
64.351913 0.84686112 0.26888156 
64.479141 0.84709162 0.26878977 
64.606377 0.8473202 0.26869899 
64.735794 0.84755063 0.26860768 
64.865211 0.84777904 0.26851737 
64.994629 0.84800553 0.26842809 
65.124046 0.84823 0.26833978 
65.255783 0.84845644 0.26825088 
65.38752 0.84868091 0.26816303 
65.519257 0.84890336 0.26807612 
65.650993 0.84912378 0.26799023 
65.785187 0.84934634 0.26790372 
65.919388 0.84956682 0.26781821 
66.053581 0.84978533 0.26773369 
66.187782 0.85000181 0.26765013 
66.324593 0.85022044 0.26756594 
66.461403 0.85043699 0.26748273 
66.598206 0.85065156 0.2674005 
66.735016 0.85086411 0.26731926 
66.87458 0.85107881 0.26723734 
67.014145 0.85129148 0.26715639 
67.153709 0.85150212 0.2670764 
67.293274 0.85171068 0.2669974 
67.435745 0.8519215 0.26691771 
67.578224 0.85213023 0.266839 
67.720695 0.85233694 0.26676121 
67.863174 0.85254157 0.26668441 
68.00869 0.85274845 0.26660693 
68.154205 0.8529532 0.26653039 
68.299721 0.85315585 0.26645482 
68.445236 0.85335648 0.26638019 
68.593903 0.85355932 0.26630491 
68.742569 0.85376 0.26623058 
68.891235 0.85395861 0.26615718 
69.039902 0.85415506 0.26608473 
69.191772 0.85435367 0.26601166 
69.343651 0.85455012 0.26593953 
69.495522 0.85474443 0.26586834 
69.6474 0.85493666 0.26579806 
69.802452 0.85513073 0.26572725 
69.957512 0.85532266 0.2656574 
70.112572 0.85551244 0.26558846 
70.267624 0.85570014 0.26552042 
70.425713 0.85588932 0.265452 
70.583794 0.85607636 0.2653845 
70.741882 0.85626125 0.26531789 
70.899963 0.856444 0.26525217 
71.060791 0.85662782 0.26518625 
71.221619 0.85680944 0.26512122 
71.382446 0.85698897 0.26505706 
71.543274 0.85716635 0.26499379 
71.706436 0.85734421 0.26493052 
71.869591 0.85751992 0.26486808 
72.032745 0.85769355 0.26480654 
72.1959 0.85786504 0.26474583 
72.36087 0.8580364 0.26468533 
72.525841 0.85820562 0.26462564 
72.690811 0.85837281 0.26456681 
72.855789 0.85853797 0.26450881 
73.022026 0.8587023 0.26445118 
73.188271 0.85886467 0.26439437 
73.354515 0.85902494 0.26433834 
73.52076 0.85918331 0.26428312 
73.687805 0.85934037 0.26422843 
73.854843 0.85949552 0.26417449 
74.021889 0.8596487 0.26412132 
74.188934 0.85979998 0.26406893 
74.3564 0.85994971 0.26401713 
74.523865 0.86009753 0.26396608 
74.69133 0.8602435 0.26391575 
74.858803 0.86038756 0.26386613 
75.026428 0.86052996 0.26381716 
75.194054 0.86067057 0.26376891 
75.361687 0.86080933 0.26372132 
75.529312 0.86094636 0.26367441 
75.696968 0.8610816 0.26362818 
75.864616 0.86121511 0.26358259 
76.032272 0.86134696 0.26353765 
76.199921 0.86147702 0.26349336 
76.367531 0.86160541 0.2634497 
76.535149 0.86173213 0.26340666 
76.702759 0.86185718 0.26336426 
76.870369 0.86198062 0.26332241 
77.037933 0.86210245 0.2632812 
77.205505 0.86222261 0.26324058 
77.37307 0.86234128 0.26320052 
77.540634 0.86245835 0.26316103 
77.708199 0.86257386 0.26312211 
77.875755 0.86268789 0.26308373 
78.043312 0.86280036 0.26304591 
78.210876 0.8629114 0.26300862 
78.378487 0.86302096 0.26297185 
78.546097 0.86312908 0.26293558 
78.713707 0.86323577 0.26289985 
78.881325 0.86334103 0.26286462 
79.049065 0.86344498 0.26282987 
79.216812 0.86354756 0.2627956 
79.38456 0.86364871 0.26276183 
79.552299 0.86374855 0.26272854 
79.720261 0.86384714 0.26269567 
79.888214 0.86394435 0.26266328 
80.056168 0.86404032 0.26263133 
80.224121 0.86413497 0.26259986 
80.392372 0.86422849 0.26256877 
80.560623 0.8643207 0.26253814 
80.728874 0.86441171 0.26250792 
80.897133 0.86450142 0.26247814 
81.065773 0.86459011 0.2624487 
81.234413 0.86467761 0.2624197 
81.403053 0.86476392 0.26239112 
81.571693 0.86484897 0.26236293 
81.740814 0.86493307 0.26233509 
81.909935 0.86501604 0.26230761 
82.079056 0.86509788 0.26228055 
82.248177 0.86517853 0.26225388 
82.417862 0.86525828 0.26222751 
82.587547 0.86533695 0.26220149 
82.757233 0.8654145 0.26217586 
82.926918 0.86549097 0.26215062 
83.097252 0.86556661 0.26212561 
83.267593 0.86564118 0.26210099 
83.437927 0.86571467 0.26207671 
83.608261 0.86578715 0.26205277 
83.779327 0.86585885 0.26202908 
83.950394 0.86592948 0.26200575 
84.12146 0.86599916 0.26198277 
84.292519 0.86606777 0.26196009 
84.464409 0.86613572 0.26193765 
84.636292 0.86620265 0.26191553 
84.808174 0.86626863 0.26189372 
84.980057 0.8663336 0.26187226 
85.15284 0.86639798 0.26185098 
85.325623 0.86646134 0.26183 
85.498405 0.8665238 0.26180935 
85.671188 0.86658531 0.26178899 
85.84494 0.86664623 0.26176882 
86.0187 0.86670625 0.26174894 
86.192451 0.86676532 0.26172936 
86.366203 0.86682355 0.26171008 
86.541016 0.86688119 0.26169097 
86.71582 0.86693794 0.26167214 
86.890633 0.86699378 0.26165357 
87.065437 0.8670488 0.26163527 
87.241379 0.86710334 0.26161715 
87.417313 0.86715698 0.2615993 
87.593254 0.86720973 0.26158172 
87.769196 0.86726171 0.26156437 
87.946342 0.86731321 0.26154721 
88.123482 0.86736387 0.26153028 
88.300629 0.8674137 0.26151362 
88.477776 0.86746275 0.2614972 
88.656204 0.86751139 0.2614809 
88.834625 0.86755919 0.26146486 
89.013054 0.86760622 0.26144907 
89.191475 0.86765242 0.26143351 
89.371262 0.86769825 0.26141807 
89.551041 0.86774331 0.26140288 
89.73082 0.8677876 0.26138788 
89.910606 0.86783117 0.26137316 
90.09182 0.86787432 0.26135853 
90.273041 0.86791676 0.26134411 
90.454254 0.86795843 0.26132995 
90.635475 0.86799943 0.26131597 
90.818199 0.86804003 0.26130211 
91.000931 0.8680799 0.26128846 
91.183655 0.86811906 0.26127505 
91.366379 0.86815757 0.26126182 
91.55069 0.86819571 0.26124871 
91.735001 0.86823314 0.26123577 
91.919312 0.86826986 0.26122305 
92.103622 0.86830598 0.26121053 
92.289597 0.86834174 0.2611981 
92.475571 0.86837679 0.26118588 
92.661537 0.86841124 0.26117384 
92.847511 0.86844504 0.26116201 
93.035225 0.86847848 0.26115024 
93.222931 0.86851126 0.26113865 
93.410645 0.86854345 0.26112726 
93.598351 0.86857504 0.26111606 
93.787888 0.86860627 0.26110494 
93.977417 0.86863685 0.26109397 
94.166954 0.86866689 0.26108322 
94.356491 0.86869627 0.26107264 
94.547928 0.86872536 0.26106209 
94.739365 0.86875385 0.26105174 
94.930801 0.86878175 0.26104155 
95.122238 0.8688091 0.26103154 
95.315659 0.8688361 0.26102158 
95.509079 0.86886257 0.26101181 
95.702499 0.86888844 0.26100218 
95.89592 0.86891377 0.26099274 
96.091408 0.86893874 0.26098335 
96.286896 0.86896324 0.26097411 
96.482391 0.86898714 0.26096502 
96.677879 0.86901051 0.26095608 
96.875534 0.86903358 0.2609472 
97.073181 0.86905611 0.2609385 
97.270836 0.8690781 0.26092991 
97.468491 0.86909956 0.26092148 
97.668396 0.86912072 0.2609131 
97.868301 0.8691414 0.26090488 
98.068207 0.86916155 0.2608968 
98.268112 0.86918116 0.26088887 
98.470367 0.86920047 0.26088098 
98.672615 0.8692193 0.26087323 
98.87487 0.86923766 0.2608656 
99.077126 0.86925548 0.26085812 
99.28183 0.86927301 0.26085067 
99.486526 0.86929011 0.26084337 
99.691231 0.86930668 0.26083621 
99.895935 0.86932278 0.26082915 
100.1032 0.86933857 0.26082218 
100.31046 0.86935389 0.26081529 
100.51772 0.86936873 0.26080856 
100.72498 0.8693831 0.26080194 
100.93491 0.86939722 0.26079535 
101.14484 0.86941081 0.26078889 
101.35477 0.86942399 0.26078254 
101.5647 0.86943668 0.26077634 
101.77741 0.86944914 0.26077014 
101.99014 0.86946106 0.26076409 
102.20286 0.86947262 0.26075813 
102.41558 0.86948365 0.26075229 
102.63122 0.86949444 0.26074651 
102.84686 0.86950475 0.26074082 
103.06249 0.86951464 0.26073524 
103.27813 0.86952412 0.26072976 
103.49683 0.86953324 0.26072434 
103.71552 0.869542 0.260719 
103.93422 0.86955029 0.26071379 
104.15292 0.86955816 0.26070866 
104.37482 0.86956567 0.26070359 
104.59673 0.86957282 0.26069862 
104.81864 0.86957949 0.26069373 
105.04055 0.86958581 0.26068896 
105.26583 0.86959177 0.26068419 
105.49111 0.86959732 0.26067954 
105.71639 0.86960244 0.26067498 
105.94167 0.86960715 0.26067054 
106.17052 0.86961156 0.2606661 
106.39938 0.8696155 0.26066178 
106.62822 0.86961907 0.26065752 
106.85707 0.86962223 0.26065338 
107.0897 0.86962503 0.26064926 
107.32233 0.86962742 0.26064521 
107.55495 0.86962938 0.26064128 
107.78757 0.86963099 0.26063743 
108.02422 0.86963224 0.26063359 
108.26087 0.86963302 0.26062986 
108.49752 0.86963344 0.2606262 
108.73417 0.86963344 0.26062262 
108.97512 0.86963308 0.26061907 
109.21606 0.8696323 0.26061562 
109.45702 0.86963111 0.26061225 
109.69796 0.8696295 0.26060894 
109.94355 0.86962748 0.26060566 
110.18914 0.86962509 0.26060247 
110.43473 0.86962229 0.26059934 
110.68032 0.86961907 0.26059631 
110.93096 0.86961538 0.2605933 
111.1816 0.86961126 0.26059034 
111.43224 0.86960679 0.26058748 
111.68288 0.86960191 0.26058471 
111.93909 0.86959654 0.26058194 
112.1953 0.8695907 0.26057923 
112.45152 0.8695845 0.26057661 
112.70773 0.86957788 0.26057407 
112.97018 0.86957067 0.26057154 
113.23264 0.86956304 0.2605691 
113.4951 0.869555 0.26056671 
113.75755 0.86954653 0.26056439 
114.02718 0.86953747 0.26056209 
114.2968 0.86952794 0.26055986 
114.56642 0.86951792 0.26055771 
114.83604 0.86950755 0.26055562 
115.11419 0.86949641 0.26055354 
115.39234 0.86948478 0.26055154 
115.67049 0.86947268 0.2605496 
115.94864 0.86946017 0.26054773 
116.23753 0.86944669 0.26054585 
116.52643 0.86943275 0.26054406 
116.81532 0.86941832 0.26054233 
117.10421 0.86940342 0.26054066 
117.40824 0.86938727 0.260539 
117.71227 0.86937052 0.26053742 
118.01629 0.86935329 0.26053587 
118.32032 0.86933547 0.26053444 
118.65278 0.86931545 0.26053292 
118.98524 0.86929482 0.26053149 
119.3177 0.86927354 0.26053014 
119.65016 0.86925161 0.26052886 
120.00687 0.86922741 0.26052758 
120.36359 0.86920244 0.26052639 
120.72029 0.86917675 0.26052526 
121.077 0.86915034 0.26052424 
121.41843 0.86912441 0.26052332 
121.75986 0.86909777 0.26052248 
122.1013 0.86907047 0.26052174 
122.44273 0.86904246 0.26052102 
122.76204 0.86901569 0.26052043 
123.08134 0.86898828 0.26051992 
123.40064 0.86896032 0.26051944 
123.71995 0.86893171 0.26051903 
124.02855 0.86890346 0.26051867 
124.33715 0.86887461 0.26051837 
124.64575 0.86884522 0.26051813 
124.95435 0.86881524 0.26051795 
125.25607 0.86878538 0.26051781 
125.55779 0.86875492 0.26051772 
125.85951 0.86872393 0.26051766 
126.16124 0.86869234 0.26051766 
126.45813 0.86866063 0.26051772 
126.75503 0.86862838 0.26051781 
127.05192 0.8685956 0.26051793 
127.34882 0.86856222 0.2605181 
127.64224 0.8685286 0.26051831 
127.93566 0.86849445 0.26051855 
128.22908 0.8684597 0.26051885 
128.52251 0.86842436 0.26051918 
128.81363 0.86838871 0.26051956 
129.10474 0.86835247 0.26051995 
129.39584 0.86831564 0.2605204 
129.68697 0.86827815 0.26052088 
129.97705 0.86824024 0.26052141 
130.26715 0.86820167 0.26052198 
130.55724 0.86816251 0.26052257 
130.84732 0.8681227 0.2605232 
131.13837 0.86808211 0.26052386 
131.42941 0.8680408 0.26052457 
131.72046 0.8679989 0.26052532 
132.01151 0.86795634 0.26052609 
132.30917 0.86791205 0.26052693 
132.60684 0.86786705 0.26052782 
132.90453 0.86782134 0.26052871 
133.20219 0.8677749 0.26052967 
133.50101 0.86772746 0.26053068 
133.79982 0.8676793 0.26053169 
134.09862 0.86763036 0.26053277 
134.39743 0.86758059 0.26053387 
134.68132 0.86753255 0.26053497 
134.96521 0.86748379 0.2605361 
135.2491 0.86743426 0.26053727 
135.53297 0.86738402 0.26053846 
135.79959 0.86733609 0.26053959 
136.06621 0.86728746 0.26054078 
136.33282 0.8672381 0.26054201 
136.59943 0.8671881 0.26054323 
136.85468 0.86713952 0.26054445 
137.10992 0.86709023 0.2605457 
137.36517 0.86704028 0.26054698 
137.62041 0.86698967 0.26054829 
137.86652 0.86694014 0.26054958 
138.11263 0.86689001 0.26055089 
138.35873 0.86683917 0.26055223 
138.60486 0.86678767 0.2605536 
138.84309 0.86673713 0.26055497 
139.08134 0.86668593 0.26055634 
139.3196 0.86663407 0.26055774 
139.55783 0.8665815 0.26055917 
139.78906 0.86652982 0.2605606 
140.02029 0.86647749 0.26056203 
140.25153 0.8664245 0.26056349 
140.48277 0.86637086 0.26056498 
140.7076 0.86631799 0.26056644 
140.93243 0.86626446 0.26056796 
141.15727 0.86621028 0.26056948 
141.3821 0.86615545 0.26057103 
141.601 0.86610132 0.26057255 
141.81989 0.86604661 0.2605741 
142.03877 0.86599118 0.26057568 
142.25766 0.86593509 0.26057729 
142.47096 0.86587977 0.26057887 
142.68427 0.86582375 0.26058048 
142.89757 0.86576706 0.26058212 
143.11087 0.86570966 0.26058376 
143.31889 0.86565304 0.2605854 
143.52692 0.86559576 0.26058707 
143.73494 0.86553776 0.26058877 
143.94296 0.86547911 0.26059046 
144.14595 0.86542118 0.26059216 
144.34894 0.86536252 0.26059386 
144.55194 0.86530322 0.26059562 
144.75493 0.8652432 0.26059738 
144.95312 0.86518395 0.26059911 
145.15131 0.86512399 0.26060086 
145.3495 0.86506331 0.26060265 
145.54768 0.86500198 0.26060447 
145.74127 0.8649413 0.26060626 
145.93486 0.86488003 0.26060808 
146.12845 0.86481798 0.26060992 
146.32202 0.86475521 0.26061177 
146.51115 0.86469322 0.26061362 
146.70029 0.86463052 0.26061547 
146.88942 0.8645671 0.26061738 
147.07855 0.86450297 0.26061928 
147.2634 0.86443955 0.26062116 
147.44824 0.86437547 0.26062307 
147.63309 0.86431062 0.260625 
147.81795 0.86424512 0.26062697 
147.99866 0.86418027 0.26062891 
148.17937 0.86411476 0.26063085 
148.36009 0.86404854 0.26063284 
148.5408 0.86398154 0.26063484 
148.71751 0.86391526 0.26063684 
148.89423 0.86384833 0.26063883 
149.07094 0.86378062 0.26064086 
149.24765 0.86371219 0.26064292 
149.42047 0.86364454 0.26064494 
149.59329 0.86357611 0.26064697 
149.76611 0.86350697 0.26064906 
149.93893 0.86343706 0.26065114 
150.10799 0.86336792 0.26065323 
150.27702 0.86329806 0.26065531 
150.44608 0.86322743 0.26065743 
150.61511 0.86315602 0.26065958 
150.7805 0.86308545 0.26066169 
150.94589 0.8630141 0.26066384 
151.11128 0.86294198 0.26066598 
151.27667 0.86286908 0.26066819 
151.43851 0.86279696 0.26067033 
151.60034 0.86272413 0.26067254 
151.76218 0.86265051 0.26067474 
151.924 0.86257607 0.26067698 
152.08237 0.86250246 0.26067919 
152.24074 0.86242813 0.26068139 
152.39911 0.86235297 0.26068366 
152.55748 0.86227703 0.26068592 
152.71249 0.86220187 0.26068819 
152.86749 0.86212599 0.26069045 
153.02251 0.86204928 0.26069275 
153.17752 0.8619718 0.26069507 
153.32925 0.86189514 0.26069736 
153.48099 0.86181766 0.26069969 
153.63272 0.86173946 0.26070201 
153.78445 0.86166036 0.26070437 
153.93298 0.86158216 0.26070672 
154.08153 0.86150312 0.26070908 
154.23007 0.86142331 0.26071146 
154.37862 0.86134267 0.26071388 
154.52405 0.86126286 0.26071626 
154.66948 0.86118227 0.26071864 
154.81493 0.86110085 0.26072109 
154.96036 0.8610186 0.26072353 
155.10278 0.86093718 0.26072595 
155.24519 0.86085498 0.26072839 
155.38762 0.86077195 0.26073086 
155.53003 0.86068809 0.26073337 
155.66949 0.86060512 0.26073584 
155.80896 0.86052132 0.26073831 
155.94843 0.86043662 0.26074085 
156.08789 0.86035109 0.26074338 
156.22449 0.86026651 0.26074588 
156.36107 0.86018103 0.26074842 
156.49765 0.86009473 0.26075098 
156.63423 0.86000758 0.26075354 
156.76802 0.85992134 0.26075611 
156.90181 0.85983425 0.26075867 
157.0356 0.85974628 0.26076129 
157.16937 0.85965741 0.26076391 
157.30043 0.85956949 0.26076651 
157.43149 0.85948074 0.26076913 
157.56255 0.85939109 0.26077175 
157.6936 0.85930055 0.26077443 
157.82199 0.85921097 0.26077706 
157.95036 0.85912049 0.26077974 
158.07875 0.85902911 0.26078242 
158.20714 0.85893691 0.26078513 
158.33293 0.85884559 0.26078781 
158.45871 0.85875344 0.26079053 
158.5845 0.85866034 0.26079324 
158.71028 0.8585664 0.26079601 
158.83353 0.85847336 0.26079872 
158.95679 0.85837948 0.26080146 
159.08003 0.85828465 0.26080424 
159.20328 0.85818893 0.26080704 
159.32407 0.85809422 0.26080981 
159.44484 0.85799855 0.26081261 
159.56561 0.85790199 0.26081541 
159.68639 0.85780448 0.26081827 
159.80475 0.85770798 0.26082107 
159.92311 0.85761058 0.26082391 
160.04147 0.85751224 0.26082677 
160.15984 0.85741293 0.26082966 
160.27583 0.85731471 0.26083252 
160.39183 0.85721546 0.26083538 
160.50784 0.85711533 0.2608383 
160.62384 0.85701424 0.26084122 
160.73753 0.85691416 0.26084411 
160.85124 0.85681319 0.26084703 
160.96494 0.85671121 0.26084998 
161.07864 0.85660827 0.26085296 
161.19009 0.85650641 0.26085588 
161.30154 0.85640359 0.26085886 
161.41299 0.85629982 0.26086184 
161.52446 0.85619497 0.26086485 
161.63373 0.85609132 0.26086786 
161.74298 0.8559866 0.26087087 
161.85225 0.85588098 0.26087388 
161.96152 0.85577428 0.26087695 
162.06865 0.85566872 0.26087999 
162.17577 0.85556215 0.26088303 
162.2829 0.85545462 0.2608861 
162.39003 0.85534602 0.26088923 
162.49506 0.85523862 0.2608923 
162.6001 0.8551302 0.2608954 
162.70512 0.8550207 0.2608985 
162.81015 0.85491025 0.26090166 
162.91315 0.85480088 0.26090479 
163.01614 0.85469055 0.26090792 
163.11914 0.85457915 0.26091108 
163.22214 0.85446674 0.26091427 
163.32314 0.85435545 0.26091743 
163.42413 0.85424316 0.26092061 
163.52513 0.85412985 0.26092383 
163.62613 0.85401547 0.26092708 
163.72517 0.85390228 0.26093027 
163.82423 0.85378802 0.26093352 
163.92328 0.85367268 0.26093677 
164.02232 0.85355633 0.26094005 
164.11949 0.85344112 0.26094329 
164.21664 0.85332489 0.26094657 
164.3138 0.85320759 0.26094988 
164.41095 0.85308921 0.26095322 
164.50626 0.85297203 0.2609565 
164.60155 0.85285378 0.26095983 
164.69685 0.85273445 0.26096317 
164.79214 0.85261405 0.26096654 
164.88564 0.85249484 0.26096988 
164.97911 0.85237455 0.26097324 
165.0726 0.8522532 0.26097664 
165.16608 0.85213071 0.26098007 
165.2578 0.85200948 0.26098344 
165.3495 0.85188711 0.26098686 
165.44122 0.85176367 0.26099029 
165.53293 0.85163909 0.26099375 
165.62291 0.85151583 0.26099718 
165.71289 0.85139138 0.26100063 
165.80286 0.85126585 0.26100412 
165.89284 0.85113919 0.26100764 
165.98112 0.85101378 0.26101112 
166.06941 0.8508873 0.26101461 
166.1577 0.85075963 0.26101816 
166.24599 0.85063082 0.2610217 
166.33261 0.85050327 0.26102522 
166.41925 0.85037464 0.2610288 
166.50589 0.85024482 0.26103237 
166.59253 0.85011387 0.26103598 
166.67755 0.84998417 0.26103953 
166.76257 0.84985334 0.26104313 
166.8476 0.84972137 0.26104677 
166.93262 0.84958822 0.2610504 
167.01605 0.84945637 0.26105401 
167.0995 0.84932333 0.26105767 
167.18294 0.84918916 0.26106134 
167.26639 0.8490538 0.26106504 
167.34828 0.84891975 0.2610687 
167.43019 0.84878451 0.2610724 
167.51208 0.84864813 0.26107612 
167.59398 0.8485105 0.26107985 
167.67438 0.84837425 0.26108357 
167.75478 0.84823674 0.2610873 
167.83516 0.8480981 0.26109108 
167.91556 0.84795821 0.26109487 
167.99448 0.84781963 0.26109862 
168.07341 0.84767991 0.26110241 
168.15233 0.84753895 0.26110622 
168.23126 0.84739673 0.26111007 
168.30873 0.84725589 0.26111388 
168.38622 0.84711385 0.26111773 
168.4637 0.84697062 0.26112157 
168.54117 0.84682608 0.26112548 
168.61725 0.84668291 0.26112932 
168.69331 0.84653854 0.26113322 
168.76939 0.84639293 0.26113713 
168.84547 0.84624606 0.26114106 
168.92017 0.84610057 0.26114497 
168.99487 0.84595382 0.2611489 
169.06956 0.84580582 0.26115286 
169.14427 0.84565651 0.26115686 
169.21762 0.84550869 0.26116082 
169.29097 0.84535956 0.26116478 
169.36432 0.84520912 0.26116881 
169.43767 0.84505743 0.26117286 
169.5097 0.84490716 0.26117685 
169.58174 0.84475565 0.26118088 
169.65378 0.84460276 0.26118493 
169.72581 0.84444863 0.26118904 
169.79657 0.84429592 0.2611931 
169.86732 0.8441419 0.26119718 
169.93806 0.84398657 0.26120129 
170.00882 0.84382993 0.26120543 
170.07832 0.84367478 0.26120952 
170.14781 0.84351826 0.26121366 
170.21732 0.84336042 0.26121783 
170.28682 0.84320128 0.26122203 
170.35509 0.84304357 0.26122618 
170.42336 0.84288454 0.26123035 
170.49162 0.8427242 0.26123458 
170.55989 0.84256244 0.26123884 
170.62695 0.84240222 0.26124305 
170.69403 0.84224063 0.26124728 
170.76109 0.84207773 0.26125154 
170.82816 0.8419134 0.26125583 
170.89404 0.84175056 0.26126009 
170.95993 0.84158641 0.26126438 
171.02582 0.84142089 0.26126871 
171.09172 0.84125394 0.26127306 
171.15645 0.84108853 0.26127738 
171.22119 0.84092176 0.26128173 
171.28593 0.84075361 0.26128608 
171.35068 0.84058398 0.26129049 
171.41429 0.84041595 0.26129487 
171.47792 0.8402465 0.26129925 
171.54153 0.84007561 0.26130369 
171.60515 0.8399033 0.26130813 
171.66768 0.83973259 0.26131257 
171.73021 0.83956039 0.26131701 
171.79272 0.83938682 0.26132149 
171.85526 0.83921176 0.26132601 
171.9167 0.83903831 0.26133049 
171.97815 0.83886343 0.26133499 
172.0396 0.83868712 0.26133952 
172.10103 0.83850932 0.26134411 
172.16142 0.83833307 0.26134863 
172.22182 0.83815545 0.26135319 
172.28221 0.83797634 0.26135778 
172.34261 0.83779573 0.2613624 
172.40196 0.83761674 0.26136699 
172.46133 0.83743626 0.26137161 
172.52071 0.83725429 0.26137626 
172.58008 0.83707076 0.26138094 
172.63844 0.83688897 0.26138556 
172.69681 0.83670563 0.26139024 
172.75517 0.83652079 0.26139495 
172.81354 0.83633441 0.26139969 
172.87093 0.83614969 0.2614044 
172.9283 0.83596343 0.26140913 
172.98569 0.83577567 0.26141387 
173.04308 0.83558637 0.26141867 
173.09949 0.83539873 0.26142344 
173.15591 0.83520955 0.26142824 
173.21233 0.83501887 0.26143304 
173.26875 0.83482659 0.26143789 
173.32423 0.83463597 0.26144272 
173.37971 0.83444381 0.26144755 
173.4352 0.83425009 0.26145244 
173.49068 0.83405477 0.26145735 
173.54524 0.83386117 0.26146224 
173.59979 0.83366603 0.26146713 
173.65436 0.83346927 0.26147208 
173.70892 0.83327091 0.26147705 
173.76257 0.83307421 0.261482 
173.81624 0.83287597 0.26148695 
173.8699 0.83267617 0.26149195 
173.92355 0.83247471 0.26149699 
173.97635 0.83227491 0.261502 
174.02913 0.83207351 0.261507 
174.08191 0.83187056 0.26151207 
174.1347 0.83166587 0.2615172 
174.18663 0.83146298 0.26152223 
174.23854 0.83125848 0.26152733 
174.29047 0.8310523 0.26153246 
174.34239 0.83084446 0.26153761 
174.39348 0.83063835 0.26154274 
174.44455 0.83043057 0.26154789 
174.49564 0.83022118 0.26155308 
174.54672 0.83001012 0.26155829 
174.59698 0.82980072 0.26156348 
174.64723 0.82958972 0.2615687 
174.69749 0.82937706 0.26157394 
174.74776 0.82916266 0.26157925 
174.79721 0.82894999 0.26158449 
174.84666 0.82873571 0.26158977 
174.89612 0.82851964 0.2615951 
174.94557 0.82830191 0.26160043 
174.99423 0.8280859 0.26160577 
175.04291 0.82786822 0.2616111 
175.09157 0.82764882 0.2616165 
175.14024 0.82742763 0.26162192 
175.18814 0.82720822 0.26162729 
175.23604 0.82698715 0.26163271 
175.28394 0.82676429 0.26163816 
175.33183 0.82653964 0.26164365 
175.37898 0.82631677 0.2616491 
175.42613 0.82609218 0.26165459 
175.47328 0.82586581 0.2616601 
175.52042 0.8256377 0.26166567 
175.56683 0.82541132 0.26167119 
175.61324 0.82518321 0.26167673 
175.65965 0.82495326 0.26168233 
175.70605 0.82472157 0.26168796 
