-50.00000 -319246285.83372 -0.06223
-49.88611 -235974979.94303 -0.05870
-49.77222 -174471450.67200 -0.05520
-49.65833 -129006554.68968 -0.05175
-49.54444 -95339184.21173 -0.04833
-49.43452 -71213214.20764 -0.04507
-49.32461 -53204448.86349 -0.04184
-49.21470 -39751284.96041 -0.03865
-49.10479 -29686631.57395 -0.03550
-48.99492 -22174597.58064 -0.03238
-48.88506 -16567153.15753 -0.02929
-48.77520 -12378129.95970 -0.02624
-48.66533 -9244170.75443 -0.02322
-48.55552 -6905073.48058 -0.02024
-48.44570 -5158994.96548 -0.01729
-48.33589 -3854571.36015 -0.01437
-48.22607 -2878671.54132 -0.01148
-48.11631 -2150294.64174 -0.00863
-48.00655 -1606569.25669 -0.00580
-47.89678 -1200367.75362 -0.00301
-47.78702 -896465.36864 -0.00025
-47.67732 -669646.12714 0.00248
-47.56761 -500324.77217 0.00518
-47.45790 -373827.49881 0.00785
-47.34820 -279186.29593 0.01050
-47.23855 -208551.72439 0.01311
-47.12890 -155821.50496 0.01569
-47.01926 -116426.73331 0.01825
-46.90961 -86952.24672 0.02077
-46.80003 -64955.20007 0.02327
-46.69045 -48533.29548 0.02574
-46.58088 -36264.02908 0.02819
-46.47130 -27084.06002 0.03060
-46.36180 -20233.71140 0.03299
-46.25231 -15119.16495 0.03536
-46.14282 -11297.64056 0.03769
-46.03333 -8438.12674 0.04000
-45.92396 -6304.86529 0.04229
-45.81460 -4711.83624 0.04455
-45.70524 -3521.31470 0.04678
-45.59588 -2630.32182 0.04899
-45.48676 -1966.08861 0.05117
-45.37764 -1469.82129 0.05333
-45.26852 -1098.76236 0.05547
-45.15940 -820.92684 0.05758
-45.05081 -614.16517 0.05966
-44.94222 -459.49378 0.06171
-44.83362 -343.70185 0.06375
-44.72503 -256.89565 0.06576
-44.61765 -192.57050 0.06772
-44.51026 -144.30183 0.06967
-44.40288 -108.05504 0.07160
-44.29550 -80.80004 0.07350
-44.19089 -60.80463 0.07534
-44.08629 -45.68979 0.07716
-43.98169 -34.25636 0.07896
-43.87709 -25.59767 0.08074
-43.77866 -19.38990 0.08239
-43.68024 -14.61933 0.08403
-43.58182 -10.95106 0.08566
-43.48339 -8.12811 0.08727
-43.39296 -6.11478 0.08873
-43.30253 -4.53449 0.09019
-43.21209 -3.29551 0.09163
-43.12166 -2.32946 0.09305
-43.03918 -1.64557 0.09435
-42.95670 -1.15571 0.09564
-42.87422 -0.85009 0.09696
-42.79174 -0.67055 0.09838
-42.70925 -0.54596 0.09998
-42.62677 -0.45442 0.10195
-42.54429 -0.38110 0.10450
-42.46181 -0.31878 0.10788
-42.34303 -0.24328 0.11468
-42.22425 -0.17934 0.12331
-42.10547 -0.12407 0.13305
-41.98669 -0.07586 0.14319
-41.78429 -0.00756 0.16032
-41.58190 0.04657 0.17714
-41.37951 0.08953 0.19358
-41.17711 0.12367 0.20949
-40.80197 0.16980 0.23697
-40.42682 0.20034 0.26155
-40.05167 0.22097 0.28328
-39.67652 0.23530 0.30265
-38.76211 0.25555 0.34311
-37.84770 0.26546 0.37661
-36.93329 0.27243 0.40522
-36.01888 0.27962 0.42985
-35.26652 0.28622 0.44717
-34.51416 0.29455 0.46185
-33.76180 0.30612 0.47368
-33.00944 0.32332 0.48214
-32.25708 0.34944 0.48633
-31.50472 0.38495 0.48592
-30.75236 0.42630 0.48144
-30.00000 0.46671 0.47391
-28.75000 0.51958 0.45820
-27.50000 0.55942 0.44131
-26.25000 0.59070 0.42483
-25.00000 0.61640 0.40940
-23.75000 0.63818 0.39505
-22.50000 0.65705 0.38187
-21.25000 0.67365 0.36987
-20.00000 0.68842 0.35898
-18.75000 0.70162 0.34913
-17.50000 0.71345 0.34024
-16.25000 0.72406 0.33223
-15.00000 0.73356 0.32502
-13.75000 0.74204 0.31855
-12.50000 0.74953 0.31274
-11.25000 0.75603 0.30754
-10.00000 0.76155 0.30288
-8.75000 0.76610 0.29871
-7.50000 0.76956 0.29499
-6.25000 0.77172 0.29168
-5.00000 0.77243 0.28875
-3.75000 0.77182 0.28615
-2.50000 0.76923 0.28387
-1.25000 0.76359 0.28191
0.00000 0.75415 0.28026
0.00000 0.75415 0.28026
1.25000 0.73994 0.27894
2.50000 0.71845 0.27798
3.75000 0.68676 0.27751
5.00000 0.64178 0.27781
5.80817 0.60450 0.27862
6.61634 0.56170 0.28020
7.42451 0.51528 0.28299
8.23268 0.46787 0.28758
9.04086 0.42212 0.29473
9.84903 0.38028 0.30533
10.65720 0.34489 0.31975
11.46537 0.31850 0.33778
11.89509 0.30867 0.34849
12.32481 0.30126 0.35962
12.75453 0.29589 0.37095
13.18425 0.29229 0.38229
13.61397 0.29016 0.39344
14.04368 0.28919 0.40429
14.47340 0.28917 0.41474
14.90312 0.29003 0.42470
15.56944 0.29315 0.43904
16.23576 0.29820 0.45179
16.90208 0.30553 0.46266
17.56841 0.31635 0.47139
18.21603 0.33171 0.47753
18.86364 0.35433 0.48067
19.51126 0.38463 0.48048
20.15888 0.41928 0.47719
20.88147 0.45645 0.47081
21.60405 0.48912 0.46269
22.32663 0.51655 0.45367
23.04921 0.53952 0.44437
23.95519 0.56395 0.43275
24.86116 0.58438 0.42141
25.76713 0.60169 0.41055
26.67311 0.61649 0.40025
27.92311 0.63336 0.38703
29.17311 0.64647 0.37498
30.42311 0.65587 0.36408
31.67311 0.66128 0.35431
32.92311 0.66213 0.34562
34.17311 0.65743 0.33798
35.42311 0.64597 0.33142
36.67311 0.62644 0.32599
37.92311 0.59781 0.32187
39.17311 0.56033 0.31932
40.42311 0.51585 0.31890
41.67311 0.46795 0.32156
42.92293 0.42103 0.32846
44.17275 0.37629 0.34096
45.42258 0.33705 0.35970
46.67240 0.31084 0.38412
47.29390 0.30455 0.39754
47.91540 0.30109 0.41088
48.53691 0.29990 0.42372
49.15841 0.30099 0.43579
49.36881 0.30191 0.43965
49.57920 0.30309 0.44338
49.78960 0.30452 0.44697
50.00000 0.30622 0.45040
