0 0.50063241 0.39367709 
0.0085614659 0.50070471 0.39362741 
0.017122932 0.50077683 0.39357775 
0.025684398 0.50084865 0.3935281 
0.034245864 0.5009203 0.39347845 
0.042837445 0.50099194 0.39342862 
0.051429026 0.50106329 0.39337879 
0.060020611 0.50113446 0.39332899 
0.068612188 0.50120538 0.39327919 
0.077227831 0.5012762 0.39322928 
0.085843466 0.50134683 0.39317933 
0.094459102 0.50141722 0.39312941 
0.10307474 0.50148737 0.39307949 
0.1117342 0.50155765 0.39302933 
0.12039366 0.50162762 0.39297917 
0.12905313 0.50169742 0.39292902 
0.13771258 0.50176692 0.39287889 
0.14635149 0.50183606 0.39282888 
0.1549904 0.5019049 0.39277887 
0.16362931 0.50197357 0.39272887 
0.17226821 0.50204194 0.39267886 
0.18092424 0.50211024 0.39262879 
0.18958026 0.50217825 0.39257872 
0.19823627 0.50224608 0.39252865 
0.2068923 0.50231361 0.39247859 
0.2156309 0.50238162 0.39242807 
0.2243695 0.50244927 0.39237753 
0.2331081 0.50251675 0.39232701 
0.24184671 0.50258398 0.39227653 
0.25057915 0.50265092 0.39222607 
0.25931159 0.50271755 0.39217561 
0.26804402 0.50278401 0.39212519 
0.27677646 0.50285017 0.39207476 
0.28552002 0.50291622 0.39202428 
0.29426354 0.50298196 0.39197379 
0.30300707 0.50304753 0.39192334 
0.31175062 0.50311279 0.39187288 
0.32057518 0.50317842 0.39182198 
0.32939976 0.5032438 0.39177108 
0.33822435 0.50330895 0.39172018 
0.34704894 0.5033738 0.3916693 
0.35584003 0.50343823 0.39161861 
0.36463112 0.50350237 0.39156798 
0.37342221 0.50356627 0.39151731 
0.38221329 0.50362986 0.39146668 
0.39105633 0.50369364 0.39141575 
0.39989939 0.50375718 0.39136481 
0.40874243 0.50382042 0.39131391 
0.41758549 0.50388348 0.39126304 
0.42657071 0.5039472 0.39121133 
0.43555596 0.50401074 0.39115965 
0.44454122 0.50407398 0.39110798 
0.45352647 0.50413698 0.3910563 
0.46244219 0.50419921 0.39100507 
0.47135791 0.50426126 0.39095384 
0.48027366 0.50432295 0.39090261 
0.48918939 0.50438446 0.39085141 
0.4981434 0.50444597 0.39079997 
0.50709742 0.50450718 0.39074859 
0.51605147 0.50456816 0.39069718 
0.52500546 0.5046289 0.39064583 
0.53399909 0.50468963 0.39059424 
0.54299271 0.50475013 0.39054266 
0.55198634 0.50481033 0.3904911 
0.56097996 0.5048703 0.39043957 
0.56998211 0.50493002 0.39038798 
0.57898432 0.50498956 0.39033642 
0.58798647 0.50504881 0.3902849 
0.59698862 0.50510776 0.39023337 
0.606085 0.50516713 0.3901813 
0.61518145 0.50522619 0.39012927 
0.62427783 0.50528502 0.39007723 
0.63337421 0.50534356 0.39002523 
0.64251363 0.50540209 0.38997298 
0.65165305 0.50546038 0.38992077 
0.66079247 0.50551844 0.38986859 
0.66993189 0.50557619 0.38981637 
0.6790641 0.50563365 0.38976425 
0.68819624 0.50569081 0.38971215 
0.69732845 0.50574774 0.38966006 
0.70646065 0.50580442 0.389608 
0.71568555 0.5058614 0.38955539 
0.7249105 0.50591809 0.38950282 
0.73413539 0.50597453 0.38945028 
0.74336028 0.50603068 0.38939774 
0.75261766 0.50608677 0.38934505 
0.76187503 0.50614256 0.38929236 
0.77113241 0.50619811 0.3892397 
0.78038979 0.50625336 0.38918707 
0.78967333 0.50630856 0.38913429 
0.79895693 0.50636339 0.38908154 
0.80824047 0.50641805 0.38902882 
0.81752408 0.50647235 0.3889761 
0.826846 0.50652665 0.3889232 
0.83616793 0.50658065 0.3888703 
0.84548986 0.50663441 0.38881743 
0.85481179 0.50668788 0.38876459 
0.86419857 0.5067414 0.38871139 
0.87358534 0.50679469 0.3886582 
0.88297206 0.50684774 0.38860506 
0.89235884 0.50690043 0.38855192 
0.90178996 0.50695318 0.38849854 
0.91122109 0.50700557 0.3884452 
0.92065221 0.50705773 0.38839188 
0.93008339 0.50710958 0.3883386 
0.93952984 0.50716126 0.38828525 
0.94897628 0.50721264 0.3882319 
0.95842272 0.50726372 0.38817859 
0.96786922 0.50731456 0.3881253 
0.97738856 0.50736547 0.3880716 
0.9869079 0.50741613 0.38801795 
0.99642724 0.5074665 0.38796431 
1.0059465 0.50751662 0.38791069 
1.0155762 0.50756699 0.38785648 
1.0252059 0.50761706 0.3878023 
1.0348356 0.50766683 0.38774815 
1.0444652 0.50771636 0.38769403 
1.0540873 0.50776553 0.38763994 
1.0637094 0.50781441 0.38758591 
1.0733315 0.50786304 0.38753188 
1.0829536 0.50791132 0.3874779 
1.0925955 0.50795949 0.38742381 
1.1022375 0.50800729 0.38736978 
1.1118795 0.50805485 0.38731575 
1.1215214 0.50810206 0.38726175 
1.1312046 0.50814927 0.38720754 
1.1408877 0.50819612 0.38715336 
1.150571 0.50824273 0.38709921 
1.1602541 0.50828898 0.38704509 
1.1700742 0.50833565 0.38699022 
1.1798943 0.50838196 0.38693538 
1.1897144 0.50842804 0.38688058 
1.1995345 0.50847375 0.3868258 
1.2094636 0.50851971 0.38677046 
1.2193927 0.50856537 0.38671511 
1.2293217 0.50861073 0.38665983 
1.2392508 0.50865579 0.38660455 
1.2490613 0.50869995 0.38654998 
1.2588718 0.50874388 0.38649541 
1.2686824 0.50878745 0.3864409 
1.2784929 0.50883079 0.38638639 
1.2885811 0.50887501 0.3863304 
1.2986693 0.50891888 0.38627443 
1.3087575 0.50896251 0.38621849 
1.3188457 0.50900578 0.38616258 
1.3287262 0.50904787 0.38610783 
1.3386067 0.50908965 0.38605314 
1.3484873 0.50913113 0.38599849 
1.3583677 0.50917232 0.38594383 
1.3684131 0.50921386 0.38588834 
1.3784585 0.50925511 0.38583285 
1.3885039 0.50929606 0.38577738 
1.3985493 0.50933671 0.38572198 
1.4088411 0.50937802 0.38566524 
1.4191331 0.50941902 0.38560852 
1.4294249 0.50945967 0.38555184 
1.4397167 0.50950003 0.38549522 
1.4500173 0.50954008 0.38543856 
1.460318 0.50957978 0.38538194 
1.4706186 0.50961918 0.38532534 
1.4809192 0.50965822 0.38526881 
1.4913768 0.50969756 0.38521141 
1.5018343 0.5097366 0.3851541 
1.5122918 0.50977522 0.38509679 
1.5227493 0.50981361 0.38503954 
1.5329791 0.50985074 0.38498354 
1.543209 0.50988764 0.3849276 
1.5534389 0.50992417 0.38487169 
1.5636687 0.50996035 0.38481581 
1.5741128 0.50999701 0.38475883 
1.5845568 0.51003331 0.38470185 
1.5950009 0.51006931 0.38464493 
1.6054449 0.51010495 0.38458803 
1.6161007 0.51014102 0.38453004 
1.6267565 0.51017672 0.38447207 
1.6374123 0.51021206 0.38441417 
1.6480681 0.51024705 0.38435629 
1.6586637 0.5102815 0.38429877 
1.6692594 0.51031566 0.38424128 
1.679855 0.51034945 0.38418385 
1.6904507 0.51038289 0.38412645 
1.7012215 0.51041651 0.38406816 
1.7119923 0.51044983 0.38400993 
1.7227632 0.51048279 0.38395169 
1.733534 0.51051539 0.38389352 
1.7443069 0.51054764 0.38383541 
1.75508 0.51057953 0.38377729 
1.765853 0.51061112 0.38371924 
1.776626 0.51064229 0.38366124 
1.7876605 0.51067394 0.38360187 
1.798695 0.51070517 0.38354254 
1.8097295 0.51073605 0.38348326 
1.8207641 0.51076657 0.38342404 
1.8318849 0.5107969 0.38336438 
1.8430055 0.51082695 0.38330477 
1.8541263 0.51085657 0.38324523 
1.8652471 0.51088583 0.38318574 
1.8763055 0.51091456 0.38312662 
1.8873638 0.51094294 0.38306755 
1.8984221 0.51097089 0.38300851 
1.9094805 0.51099855 0.38294953 
1.9209991 0.51102698 0.38288814 
1.9325175 0.51105493 0.38282681 
1.9440361 0.51108253 0.38276553 
1.9555546 0.51110977 0.38270432 
1.9668143 0.511136 0.38264453 
1.978074 0.5111618 0.38258478 
1.9893337 0.51118726 0.38252509 
2.0005934 0.51121235 0.38246545 
2.0123899 0.51123822 0.38240302 
2.0241861 0.51126373 0.38234064 
2.0359826 0.51128876 0.38227832 
2.0477791 0.51131338 0.38221607 
2.0596135 0.5113377 0.38215366 
2.0714478 0.5113616 0.38209131 
2.0832822 0.51138508 0.38202903 
2.0951166 0.51140815 0.3819668 
2.1068439 0.51143056 0.3819052 
2.1185715 0.51145262 0.38184366 
2.1302989 0.51147425 0.38178214 
2.1420264 0.51149547 0.38172072 
2.1544127 0.51151747 0.3816559 
2.1667993 0.51153898 0.38159114 
2.1791859 0.51156002 0.38152644 
2.1915724 0.51158065 0.38146183 
2.2037911 0.51160055 0.38139814 
2.2160101 0.51162004 0.38133451 
2.2282288 0.51163906 0.38127095 
2.2404475 0.51165766 0.38120747 
2.2533331 0.51167679 0.38114056 
2.2662187 0.51169544 0.38107377 
2.2791042 0.51171356 0.38100702 
2.2919898 0.51173127 0.38094035 
2.3043966 0.51174784 0.38087624 
2.3168035 0.51176393 0.38081217 
2.3292103 0.51177955 0.38074818 
2.3416171 0.51179481 0.38068429 
2.3552113 0.51181096 0.38061431 
2.3688054 0.51182657 0.38054445 
2.3823998 0.51184165 0.38047466 
2.3959939 0.5118562 0.38040495 
2.4096982 0.51187027 0.38033476 
2.4234025 0.51188385 0.38026467 
2.4371068 0.51189691 0.38019466 
2.4508111 0.51190937 0.38012475 
2.4643116 0.51192111 0.38005593 
2.4778118 0.51193237 0.37998721 
2.491312 0.5119431 0.37991861 
2.5048122 0.51195329 0.37985003 
2.5192471 0.51196355 0.37977684 
2.5336819 0.51197326 0.37970376 
2.5481169 0.51198238 0.37963074 
2.5625517 0.5119909 0.37955785 
2.5766487 0.51199865 0.37948674 
2.5907457 0.51200581 0.37941572 
2.6048427 0.51201242 0.37934482 
2.6189396 0.51201844 0.37927401 
2.6330485 0.51202387 0.37920323 
2.6471577 0.51202875 0.37913254 
2.6612666 0.5120331 0.37906194 
2.6753757 0.51203686 0.37899145 
2.6887162 0.5120399 0.37892488 
2.7020564 0.5120424 0.37885839 
2.7153969 0.51204443 0.37879202 
2.7287374 0.51204592 0.37872571 
2.7414708 0.51204687 0.3786625 
2.7542043 0.51204741 0.37859938 
2.7669377 0.51204747 0.37853631 
2.7796712 0.51204705 0.37847334 
2.7927008 0.51204616 0.378409 
2.8057303 0.51204479 0.37834474 
2.8187599 0.51204288 0.37828058 
2.8317895 0.51204056 0.37821648 
2.844557 0.51203781 0.37815374 
2.8573246 0.5120346 0.37809113 
2.8700922 0.5120309 0.37802857 
2.8828597 0.51202679 0.37796608 
2.8953485 0.51202232 0.37790504 
2.9078374 0.51201737 0.3778441 
2.9203265 0.512012 0.37778324 
2.9328153 0.51200622 0.37772244 
2.9457319 0.51199979 0.37765965 
2.9586487 0.51199281 0.37759694 
2.9715652 0.51198542 0.37753433 
2.984482 0.51197761 0.3774718 
2.9969292 0.51196957 0.37741163 
3.0093763 0.5119611 0.37735152 
3.0218234 0.51195228 0.3772915 
3.0342708 0.51194292 0.37723157 
3.0468767 0.51193309 0.37717095 
3.0594826 0.51192278 0.37711042 
3.0720885 0.51191199 0.37704998 
3.0846946 0.51190084 0.3769896 
3.0969944 0.51188946 0.3769308 
3.1092942 0.51187772 0.37687206 
3.121594 0.51186556 0.37681338 
3.133894 0.51185292 0.37675482 
3.1466334 0.51183945 0.37669423 
3.1593728 0.5118255 0.37663373 
3.1721125 0.51181108 0.37657332 
3.1848519 0.5117963 0.376513 
3.1973841 0.51178122 0.37645373 
3.2099161 0.51176578 0.37639457 
3.2224483 0.51174986 0.37633547 
3.2349806 0.51173353 0.37627646 
3.247375 0.51171696 0.3762182 
3.2597697 0.51169997 0.37616 
3.2721641 0.51168257 0.37610191 
3.2845588 0.51166475 0.37604389 
3.2970786 0.51164633 0.37598535 
3.3095984 0.51162744 0.37592694 
3.3221185 0.51160818 0.37586859 
3.3346384 0.51158845 0.37581033 
3.3471165 0.51156837 0.37575233 
3.3595946 0.51154786 0.37569445 
3.3720727 0.51152694 0.37563664 
3.3845508 0.5115056 0.37557891 
3.3970864 0.51148373 0.375521 
3.409622 0.51146144 0.37546319 
3.4221575 0.51143867 0.37540546 
3.4346931 0.51141554 0.37534785 
3.4474711 0.51139152 0.37528917 
3.4602492 0.51136702 0.37523061 
3.473027 0.51134211 0.37517214 
3.485805 0.51131678 0.37511376 
3.4984221 0.51129133 0.37505621 
3.511039 0.5112654 0.37499875 
3.5236561 0.51123911 0.37494135 
3.5362732 0.51121235 0.37488407 
3.5485909 0.51118582 0.37482825 
3.5609086 0.51115888 0.37477249 
3.5732262 0.51113153 0.37471682 
3.5855439 0.51110381 0.37466127 
3.5982878 0.51107466 0.37460384 
3.6110318 0.5110451 0.37454653 
3.6237757 0.51101512 0.37448931 
3.6365197 0.51098472 0.37443221 
3.6492579 0.51095384 0.37437519 
3.6619964 0.51092261 0.37431827 
3.6747346 0.5108909 0.37426147 
3.6874728 0.51085877 0.37420475 
3.6999369 0.51082689 0.37414932 
3.7124007 0.51079464 0.37409401 
3.7248647 0.51076192 0.37403879 
3.7373285 0.51072884 0.37398368 
3.750458 0.51069355 0.37392569 
3.7635872 0.51065779 0.37386781 
3.7767165 0.51062161 0.37381005 
3.7898459 0.51058495 0.37375239 
3.8026211 0.51054883 0.37369636 
3.8153965 0.51051229 0.37364045 
3.828172 0.51047534 0.37358463 
3.8409472 0.51043797 0.3735289 
3.8540583 0.51039916 0.37347183 
3.8671691 0.51035988 0.37341484 
3.88028 0.51032019 0.37335795 
3.8933909 0.51028001 0.37330118 
3.9064314 0.51023966 0.37324482 
3.919472 0.51019883 0.37318856 
3.9325125 0.51015759 0.37313241 
3.9455531 0.51011586 0.37307635 
3.9586792 0.51007342 0.37302002 
3.9718053 0.51003057 0.37296382 
3.9849317 0.50998724 0.3729077 
3.9980578 0.50994349 0.3728517 
4.0111823 0.50989932 0.37279582 
4.0243063 0.50985467 0.37274003 
4.0374308 0.50980955 0.37268436 
4.0505548 0.50976408 0.37262881 
4.0635142 0.50971866 0.37257403 
4.0764737 0.50967288 0.37251937 
4.0894332 0.50962663 0.37246481 
4.1023927 0.50957996 0.37241036 
4.1165199 0.50952858 0.37235111 
4.1306477 0.50947672 0.37229198 
4.1447749 0.50942433 0.372233 
4.1589026 0.5093714 0.37217414 
4.1722579 0.50932097 0.37211859 
4.1856127 0.50927007 0.37206319 
4.1989679 0.50921869 0.37200788 
4.2123232 0.50916684 0.37195268 
4.2262731 0.50911224 0.37189513 
4.2402234 0.50905716 0.37183774 
4.2541733 0.50900155 0.37178046 
4.2681236 0.50894547 0.37172326 
4.2821741 0.50888854 0.37166584 
4.2962251 0.50883102 0.3716085 
4.3102756 0.50877309 0.37155131 
4.3243265 0.50871462 0.37149423 
4.3385696 0.50865489 0.37143651 
4.3528128 0.50859457 0.37137893 
4.3670559 0.50853384 0.37132147 
4.381299 0.50847256 0.37126413 
4.3955283 0.50841081 0.371207 
4.4097576 0.50834864 0.37114999 
4.4239869 0.50828588 0.37109309 
4.4382162 0.5082227 0.37103635 
4.4532652 0.50815529 0.37097648 
4.4683142 0.50808728 0.37091675 
4.4833636 0.50801879 0.37085718 
4.4984126 0.50794971 0.37079775 
4.5133247 0.50788069 0.37073901 
4.5282369 0.50781119 0.37068039 
4.543149 0.50774109 0.37062195 
4.5580611 0.50767046 0.37056366 
4.5746646 0.50759119 0.37049893 
4.5912681 0.50751126 0.37043437 
4.6078715 0.50743061 0.37037 
4.624475 0.50734937 0.37030581 
4.6410685 0.50726748 0.37024182 
4.6576619 0.50718486 0.37017804 
4.6742554 0.50710166 0.37011445 
4.6908488 0.50701779 0.37005103 
4.7093878 0.50692326 0.36998042 
4.7279267 0.50682795 0.36991 
4.7464657 0.50673181 0.36983985 
4.7650051 0.50663483 0.36976993 
4.7808685 0.50655121 0.36971027 
4.7967319 0.50646698 0.36965078 
4.8125954 0.50638217 0.36959147 
4.8284588 0.50629675 0.36953235 
4.8437886 0.50621367 0.36947536 
4.859118 0.50612998 0.36941853 
4.8744478 0.50604576 0.36936188 
4.8897777 0.505961 0.36930537 
4.9053154 0.50587457 0.36924827 
4.9208531 0.50578749 0.36919135 
4.9363909 0.50569993 0.36913458 
4.9519281 0.50561172 0.36907798 
4.9667401 0.5055272 0.36902419 
4.9815521 0.50544208 0.36897054 
4.9963636 0.50535649 0.36891705 
5.0111756 0.50527042 0.3688637 
5.0257988 0.50518489 0.36881119 
5.0404224 0.50509894 0.36875883 
5.0550461 0.50501245 0.36870661 
5.0696692 0.50492543 0.36865458 
5.0841775 0.50483871 0.36860305 
5.0986853 0.50475144 0.3685517 
5.113193 0.50466371 0.3685005 
5.1277013 0.50457549 0.36844945 
5.1420178 0.50448793 0.36839923 
5.1563339 0.50439996 0.36834913 
5.1706505 0.5043115 0.36829919 
5.184967 0.50422263 0.36824942 
5.1992621 0.50413334 0.36819983 
5.2135572 0.50404364 0.36815041 
5.2278528 0.50395346 0.36810112 
5.2421479 0.50386286 0.36805198 
5.256146 0.50377369 0.36800399 
5.2701435 0.50368404 0.36795619 
5.2841415 0.50359398 0.36790848 
5.2981396 0.5035035 0.36786094 
5.3122253 0.50341201 0.36781323 
5.3263111 0.50332004 0.36776567 
5.3403974 0.50322765 0.36771825 
5.3544831 0.50313485 0.36767098 
5.3684626 0.50304228 0.36762422 
5.3824415 0.5029493 0.36757758 
5.3964205 0.5028559 0.36753109 
5.4103999 0.50276202 0.36748475 
5.424252 0.50266862 0.36743897 
5.4381046 0.5025748 0.36739331 
5.4519572 0.50248051 0.36734784 
5.4658098 0.50238585 0.36730248 
5.4796619 0.50229079 0.36725724 
5.4935136 0.5021953 0.36721218 
5.5073652 0.50209934 0.36716723 
5.5212169 0.50200301 0.36712244 
5.5352111 0.50190532 0.36707735 
5.5492048 0.50180715 0.36703238 
5.5631986 0.50170857 0.36698756 
5.5771928 0.50160956 0.36694288 
5.5910392 0.50151122 0.36689883 
5.6048861 0.50141239 0.36685494 
5.6187329 0.50131321 0.36681116 
5.6325798 0.50121361 0.36676753 
5.6463976 0.50111383 0.36672413 
5.6602159 0.50101364 0.36668089 
5.6740336 0.50091302 0.36663777 
5.6878514 0.50081205 0.36659482 
5.7017541 0.50071001 0.36655173 
5.7156563 0.50060755 0.36650881 
5.7295589 0.50050473 0.36646602 
5.7434611 0.5004015 0.36642337 
5.7571788 0.50029922 0.36638144 
5.770896 0.50019658 0.36633965 
5.7846136 0.50009358 0.36629802 
5.7983308 0.49999014 0.36625651 
5.8123097 0.49988434 0.36621436 
5.8262882 0.49977812 0.36617237 
5.8402667 0.49967152 0.36613053 
5.8542452 0.4995645 0.36608884 
5.8682156 0.49945718 0.36604729 
5.8821864 0.49934942 0.36600593 
5.8961568 0.49924129 0.36596471 
5.9101272 0.49913275 0.36592364 
5.9241457 0.49902344 0.36588258 
5.9381642 0.49891374 0.36584166 
5.9521828 0.49880365 0.36580092 
5.9662013 0.49869314 0.3657603 
5.9802904 0.49858168 0.36571965 
5.994379 0.49846983 0.36567914 
6.0084677 0.49835759 0.36563879 
6.0225563 0.49824494 0.36559859 
6.036684 0.4981316 0.36555845 
6.0508118 0.49801785 0.36551845 
6.0649395 0.4979037 0.36547863 
6.0790672 0.49778917 0.36543894 
6.0933514 0.49767298 0.36539897 
6.1076355 0.49755639 0.36535919 
6.1219196 0.49743938 0.36531955 
6.1362038 0.49732196 0.36528006 
6.1506157 0.49720311 0.3652404 
6.1650276 0.49708384 0.36520091 
6.1794395 0.49696419 0.36516157 
6.1938515 0.49684411 0.36512238 
6.2084188 0.49672234 0.36508295 
6.2229867 0.49660015 0.36504367 
6.2375541 0.49647757 0.3650046 
6.2521219 0.49635458 0.36496568 
6.2672052 0.49622682 0.36492553 
6.2822886 0.49609861 0.3648856 
6.2973719 0.49596995 0.36484584 
6.3124547 0.49584088 0.36480626 
6.3288417 0.49570018 0.36476347 
6.3452287 0.49555895 0.36472088 
6.3616157 0.49541721 0.36467853 
6.3780026 0.49527499 0.36463639 
6.3947253 0.49512935 0.3645936 
6.4114475 0.49498317 0.36455104 
6.4281702 0.49483645 0.36450869 
6.4448929 0.49468926 0.36446661 
6.4607029 0.4945496 0.364427 
6.4765129 0.49440947 0.3643876 
6.4923224 0.49426892 0.36434841 
6.5081325 0.4941279 0.36430943 
6.5230656 0.49399427 0.36427277 
6.5379992 0.49386024 0.36423633 
6.5529323 0.49372581 0.36420006 
6.5678654 0.49359098 0.36416396 
6.5818858 0.49346402 0.36413026 
6.5959067 0.49333671 0.3640967 
6.6099272 0.49320906 0.36406329 
6.6239476 0.49308103 0.36403006 
6.6386085 0.49294683 0.36399549 
6.6532688 0.49281222 0.3639611 
6.6679296 0.49267721 0.36392689 
6.6825905 0.49254185 0.36389285 
6.6960649 0.49241713 0.36386171 
6.7095394 0.49229205 0.36383075 
6.7230139 0.49216667 0.3637999 
6.7364888 0.49204096 0.36376923 
6.7500682 0.49191397 0.36373848 
6.7636476 0.49178666 0.36370787 
6.7772269 0.49165902 0.36367741 
6.7908068 0.49153107 0.3636471 
6.8045154 0.49140158 0.36361668 
6.818224 0.49127179 0.3635864 
6.8319325 0.49114168 0.3635563 
6.8456411 0.49101123 0.36352634 
6.8586307 0.49088731 0.36349809 
6.8716202 0.49076313 0.36346999 
6.8846097 0.49063867 0.36344203 
6.8975992 0.49051392 0.36341423 
6.9107385 0.49038744 0.36338624 
6.9238782 0.49026069 0.36335841 
6.9370174 0.49013364 0.36333072 
6.9501567 0.4900063 0.36330318 
6.9631529 0.48988006 0.36327606 
6.9761491 0.48975354 0.36324912 
6.9891453 0.48962677 0.3632223 
7.0021415 0.48949969 0.36319563 
7.0149822 0.48937389 0.36316943 
7.0278225 0.4892478 0.36314335 
7.0406632 0.48912147 0.36311743 
7.0535035 0.48899484 0.36309165 
7.0664382 0.48886704 0.36306581 
7.0793724 0.48873895 0.36304012 
7.0923066 0.4886106 0.36301458 
7.1052413 0.488482 0.36298919 
7.1181793 0.48835307 0.36296391 
7.1311169 0.48822388 0.36293879 
7.1440549 0.48809445 0.36291382 
7.1569929 0.48796472 0.36288899 
7.1696429 0.48783764 0.36286488 
7.1822929 0.4877103 0.36284086 
7.1949434 0.48758271 0.36281702 
7.2075934 0.48745489 0.3627933 
7.2200713 0.48732856 0.36277005 
7.2325492 0.48720196 0.36274692 
7.2450271 0.48707515 0.36272392 
7.2575054 0.4869481 0.36270109 
7.2701302 0.4868193 0.36267808 
7.2827549 0.48669025 0.36265525 
7.2953796 0.48656097 0.36263254 
7.3080044 0.48643145 0.36260998 
7.3207078 0.48630086 0.36258742 
7.3334117 0.48617005 0.36256501 
7.3461156 0.48603898 0.36254272 
7.358819 0.48590767 0.36252058 
7.3711271 0.48578021 0.36249927 
7.3834352 0.48565254 0.36247811 
7.3957434 0.48552465 0.36245704 
7.4080515 0.4853965 0.36243615 
7.4205456 0.48526621 0.36241505 
7.4330401 0.4851357 0.36239409 
7.4455347 0.48500496 0.36237329 
7.4580288 0.48487398 0.36235261 
7.4704113 0.48474395 0.36233225 
7.4827938 0.48461369 0.36231205 
7.4951763 0.48448321 0.36229196 
7.5075583 0.48435253 0.36227202 
7.5198035 0.48422307 0.36225241 
7.5320487 0.4840934 0.36223298 
7.5442934 0.48396349 0.36221364 
7.5565386 0.4838334 0.36219448 
7.5686574 0.48370442 0.36217561 
7.5807767 0.48357522 0.3621569 
7.5928955 0.48344585 0.3621383 
7.6050148 0.48331624 0.36211982 
7.6173515 0.48318413 0.36210117 
7.6296883 0.48305178 0.36208266 
7.6420255 0.48291922 0.36206427 
7.6543622 0.48278645 0.36204603 
7.6667547 0.48265287 0.36202785 
7.6791472 0.48251909 0.36200979 
7.6915402 0.4823851 0.36199188 
7.7039328 0.48225087 0.36197412 
7.7158623 0.4821215 0.36195713 
7.7277918 0.48199192 0.36194029 
7.7397213 0.48186213 0.36192358 
7.7516503 0.48173216 0.36190698 
7.7638187 0.48159942 0.3618902 
7.7759871 0.48146644 0.36187354 
7.7881551 0.48133329 0.36185703 
7.8003235 0.48119995 0.36184064 
7.8124323 0.48106703 0.36182448 
7.8245416 0.48093396 0.36180845 
7.8366508 0.48080066 0.36179253 
7.8487601 0.4806672 0.36177677 
7.8609967 0.48053211 0.36176097 
7.8732328 0.48039687 0.36174533 
7.8854694 0.48026139 0.3617298 
7.8977056 0.48012576 0.36171442 
7.9096508 0.47999313 0.36169952 
7.9215961 0.47986037 0.3616848 
7.9335413 0.47972739 0.36167017 
7.9454865 0.47959423 0.36165568 
7.9574676 0.47946051 0.36164129 
7.9694486 0.47932661 0.36162701 
7.9814296 0.4791925 0.36161289 
7.9934111 0.47905824 0.36159888 
8.0054264 0.47892341 0.36158496 
8.0174427 0.47878838 0.36157119 
8.029458 0.47865319 0.36155757 
8.0414743 0.47851783 0.36154404 
8.0534258 0.478383 0.36153075 
8.0653782 0.478248 0.36151758 
8.0773306 0.47811282 0.36150455 
8.089283 0.47797745 0.36149165 
8.1013279 0.4778409 0.36147878 
8.1133738 0.47770414 0.36146605 
8.1254196 0.47756723 0.36145347 
8.1374645 0.47743011 0.36144102 
8.1494188 0.47729391 0.36142877 
8.1613722 0.4771575 0.3614167 
8.1733265 0.47702095 0.36140472 
8.1852798 0.47688422 0.36139289 
8.1974087 0.47674534 0.36138102 
8.2095366 0.47660628 0.36136931 
8.2216654 0.47646704 0.36135772 
8.2337942 0.47632763 0.36134627 
8.2457113 0.47619051 0.36133516 
8.2576284 0.47605321 0.36132419 
8.2695456 0.47591573 0.36131334 
8.2814627 0.47577813 0.36130264 
8.2933779 0.47564039 0.36129206 
8.3052931 0.47550246 0.36128163 
8.3172073 0.47536439 0.36127135 
8.3291225 0.47522616 0.36126116 
8.3411694 0.47508624 0.36125103 
8.3532152 0.47494617 0.36124104 
8.365262 0.47480595 0.36123118 
8.3773079 0.47466558 0.36122143 
8.3893003 0.47452566 0.3612119 
8.4012928 0.47438559 0.36120248 
8.4132853 0.47424537 0.36119321 
8.4252768 0.474105 0.36118409 
8.4372225 0.47396502 0.36117512 
8.4491682 0.47382489 0.3611663 
8.4611139 0.47368461 0.36115763 
8.4730597 0.47354418 0.36114907 
8.4850359 0.47340322 0.36114064 
8.4970121 0.47326213 0.36113235 
8.5089884 0.4731209 0.36112419 
8.5209646 0.47297952 0.36111617 
8.5328684 0.47283885 0.36110833 
8.5447721 0.472698 0.36110064 
8.5566759 0.47255704 0.36109307 
8.5685797 0.47241595 0.36108565 
8.580595 0.47227338 0.36107829 
8.5926094 0.47213066 0.36107108 
8.6046238 0.47198781 0.36106402 
8.6166391 0.47184482 0.36105707 
8.628624 0.47170201 0.36105031 
8.6406088 0.47155911 0.36104366 
8.6525936 0.47141603 0.36103716 
8.6645784 0.47127283 0.36103082 
8.6764812 0.47113046 0.36102465 
8.6883841 0.47098798 0.3610186 
8.7002869 0.47084534 0.3610127 
8.7121887 0.47070256 0.36100695 
8.7243814 0.4705562 0.36100119 
8.7365732 0.47040966 0.36099559 
8.748765 0.47026303 0.36099011 
8.7609568 0.47011623 0.3609848 
8.7731342 0.46996948 0.36097965 
8.7853107 0.46982259 0.36097461 
8.7974873 0.46967557 0.36096972 
8.8096638 0.46952844 0.36096501 
8.8216333 0.46938366 0.36096048 
8.833602 0.46923876 0.36095613 
8.8455706 0.46909371 0.3609519 
8.8575392 0.46894857 0.36094782 
8.8696337 0.46880177 0.36094385 
8.8817282 0.46865481 0.36094001 
8.8938227 0.46850777 0.36093631 
8.9059162 0.46836057 0.36093277 
8.9181242 0.46821186 0.36092934 
8.9303312 0.46806303 0.36092603 
8.9425392 0.46791407 0.3609229 
8.9547472 0.467765 0.36091992 
8.9668827 0.46761668 0.36091709 
8.9790182 0.4674682 0.36091441 
8.9911547 0.46731964 0.36091188 
9.0032902 0.46717095 0.36090949 
9.0156326 0.46701959 0.3609072 
9.0279751 0.4668681 0.36090508 
9.0403175 0.4667165 0.36090311 
9.05266 0.46656477 0.3609013 
9.0648737 0.46641451 0.36089963 
9.0770874 0.46626413 0.36089814 
9.0893002 0.4661136 0.36089677 
9.1015139 0.46596298 0.36089557 
9.1139231 0.46580982 0.3608945 
9.1263323 0.46565655 0.36089358 
9.1387424 0.46550316 0.36089283 
9.1511517 0.46534964 0.36089221 
9.1635399 0.46519628 0.36089176 
9.1759281 0.46504277 0.36089146 
9.1883173 0.46488917 0.36089134 
9.2007055 0.46473545 0.36089134 
9.2131281 0.46458119 0.36089152 
9.2255516 0.46442682 0.36089185 
9.2379742 0.46427232 0.36089233 
9.2503967 0.46411771 0.36089295 
9.262867 0.46396241 0.36089376 
9.2753372 0.46380699 0.36089471 
9.2878075 0.46365145 0.36089581 
9.3002777 0.46349582 0.36089709 
9.3129578 0.46333745 0.36089855 
9.3256378 0.46317896 0.36090016 
9.3383179 0.46302038 0.36090195 
9.3509979 0.46286169 0.36090389 
9.3637009 0.46270257 0.360906 
9.3764038 0.46254337 0.36090827 
9.3891077 0.46238405 0.36091071 
9.4018106 0.4622246 0.36091334 
9.414712 0.4620626 0.36091614 
9.4276133 0.46190044 0.36091912 
9.4405146 0.4617382 0.36092228 
9.4534168 0.46157584 0.36092561 
9.4664555 0.46141165 0.36092913 
9.4794941 0.46124735 0.36093286 
9.4925337 0.46108294 0.36093673 
9.5055723 0.46091843 0.36094078 
9.5185823 0.46075419 0.36094502 
9.5315914 0.46058983 0.36094943 
9.5446014 0.46042538 0.36095399 
9.5576105 0.46026081 0.36095873 
9.5709009 0.4600926 0.36096376 
9.5841913 0.45992428 0.36096898 
9.5974817 0.45975587 0.36097437 
9.6107721 0.45958734 0.36097994 
9.624445 0.45941386 0.36098588 
9.6381178 0.45924029 0.36099198 
9.6517906 0.45906657 0.3609983 
9.6654634 0.45889276 0.36100483 
9.6793957 0.45871556 0.36101165 
9.6933289 0.45853826 0.36101869 
9.7072611 0.45836085 0.3610259 
9.7211933 0.45818332 0.36103335 
9.7356749 0.45799869 0.36104131 
9.7501554 0.45781395 0.36104944 
9.764637 0.45762911 0.36105785 
9.7791185 0.45744416 0.36106643 
9.7955952 0.45723361 0.36107647 
9.8120728 0.45702291 0.36108682 
9.8285494 0.45681205 0.36109743 
9.845026 0.45660108 0.36110833 
9.8598051 0.45641175 0.36111835 
9.8745842 0.4562223 0.3611286 
9.8893623 0.45603275 0.36113909 
9.9041414 0.45584309 0.36114979 
9.9181376 0.45566341 0.36116013 
9.9321327 0.45548362 0.36117071 
9.9461288 0.45530376 0.36118147 
9.960124 0.45512381 0.36119244 
9.9738054 0.4549478 0.36120334 
9.9874868 0.45477173 0.36121446 
10.001168 0.45459557 0.36122578 
10.01485 0.45441934 0.36123729 
10.027891 0.45425126 0.36124846 
10.040933 0.45408314 0.36125979 
10.053974 0.45391494 0.36127132 
10.067017 0.45374668 0.36128303 
10.079969 0.45357946 0.36129481 
10.092922 0.4534122 0.36130679 
10.105875 0.45324489 0.36131895 
10.118828 0.4530775 0.36133128 
10.131597 0.45291245 0.36134362 
10.144365 0.45274732 0.36135611 
10.157133 0.45258215 0.36136881 
10.169902 0.45241693 0.36138165 
10.182422 0.45225483 0.36139441 
10.194942 0.45209271 0.36140734 
10.207462 0.45193052 0.36142045 
10.219982 0.45176828 0.36143371 
10.232295 0.45160866 0.36144695 
10.244609 0.45144901 0.3614603 
10.256922 0.4512893 0.36147386 
10.269236 0.45112953 0.36148754 
10.281414 0.45097148 0.36150125 
10.293591 0.45081338 0.36151513 
10.30577 0.45065525 0.36152914 
10.317948 0.45049706 0.36154333 
10.330057 0.45033973 0.3615576 
10.342167 0.45018238 0.361572 
10.354277 0.45002496 0.3615866 
10.366385 0.44986749 0.36160132 
10.378361 0.44971174 0.36161605 
10.390336 0.44955596 0.36163092 
10.402311 0.44940013 0.36164597 
10.414286 0.44924426 0.36166114 
10.426116 0.44909027 0.36167631 
10.437946 0.44893622 0.36169159 
10.449777 0.44878215 0.36170706 
10.461607 0.44862804 0.36172268 
10.473307 0.44847557 0.36173823 
10.485006 0.4483231 0.36175397 
10.496706 0.4481706 0.36176986 
10.508405 0.44801807 0.36178589 
10.520072 0.44786593 0.36180201 
10.531739 0.44771376 0.36181828 
10.543406 0.44756156 0.3618347 
10.555074 0.44740933 0.36185127 
10.566674 0.44725794 0.3618679 
10.578276 0.44710654 0.36188465 
10.589876 0.44695511 0.36190158 
10.601477 0.44680363 0.36191863 
10.61298 0.44665343 0.36193568 
10.624483 0.44650319 0.36195287 
10.635986 0.44635293 0.36197022 
10.64749 0.44620267 0.36198771 
10.658904 0.44605353 0.3620052 
10.670319 0.44590437 0.36202285 
10.681733 0.44575518 0.36204064 
10.693148 0.44560599 0.36205855 
10.704501 0.44545755 0.36207652 
10.715856 0.44530913 0.36209461 
10.727209 0.44516066 0.36211285 
10.738563 0.44501218 0.36213124 
10.749867 0.44486436 0.36214969 
10.761172 0.44471648 0.36216828 
10.772476 0.4445686 0.362187 
10.783781 0.44442073 0.36220586 
10.794974 0.44427428 0.36222467 
10.806168 0.44412783 0.36224362 
10.817361 0.44398135 0.36226273 
10.828553 0.44383487 0.36228195 
10.839764 0.44368815 0.36230132 
10.850974 0.44354144 0.36232087 
10.862185 0.44339469 0.36234051 
10.873395 0.44324797 0.36236033 
10.884531 0.44310218 0.36238012 
10.895667 0.44295639 0.36240008 
10.906802 0.4428106 0.36242014 
10.917938 0.4426648 0.36244035 
10.928984 0.4425202 0.36246055 
10.940029 0.44237557 0.36248085 
10.951075 0.44223091 0.36250132 
10.96212 0.44208628 0.36252189 
10.973129 0.44194213 0.36254254 
10.984138 0.44179794 0.36256334 
10.995148 0.44165379 0.36258423 
11.006157 0.4415096 0.3626053 
11.017144 0.44136572 0.36262643 
11.028131 0.44122183 0.36264771 
11.039119 0.44107792 0.36266911 
11.050107 0.44093403 0.36269066 
11.061001 0.44079137 0.36271212 
11.071894 0.4406487 0.36273375 
11.082788 0.44050604 0.36275548 
11.093681 0.44036338 0.36277735 
11.104559 0.44022092 0.36279935 
11.115437 0.4400785 0.36282143 
11.126313 0.43993604 0.36284366 
11.137191 0.43979362 0.36286604 
11.148037 0.43965158 0.36288846 
11.158883 0.43950957 0.36291102 
11.16973 0.43936756 0.3629337 
11.180576 0.43922555 0.36295652 
11.191424 0.43908352 0.36297947 
11.202271 0.43894151 0.36300257 
11.21312 0.4387995 0.36302575 
11.223968 0.43865749 0.36304912 
11.234727 0.43851668 0.3630724 
11.245485 0.43837586 0.36309579 
11.256244 0.43823504 0.3631193 
11.267002 0.43809426 0.36314297 
11.277731 0.43795386 0.36316669 
11.288459 0.43781349 0.36319053 
11.299188 0.43767312 0.36321452 
11.309916 0.43753278 0.3632386 
11.320626 0.43739265 0.3632628 
11.331337 0.43725255 0.36328712 
11.342048 0.43711248 0.36331156 
11.352758 0.43697241 0.36333612 
11.363479 0.43683225 0.36336085 
11.374198 0.43669209 0.36338568 
11.384917 0.43655193 0.36341065 
11.395637 0.4364118 0.36343575 
11.406313 0.43627226 0.36346087 
11.416988 0.43613276 0.36348611 
11.427664 0.43599325 0.3635115 
11.438339 0.43585378 0.36353698 
11.448921 0.43571553 0.36356238 
11.459503 0.4355773 0.36358792 
11.470085 0.43543911 0.36361355 
11.480667 0.43530092 0.36363932 
11.491249 0.43516275 0.36366522 
11.501831 0.43502459 0.36369124 
11.512413 0.43488646 0.36371738 
11.522995 0.43474835 0.36374366 
11.533566 0.43461043 0.36377001 
11.544137 0.4344725 0.3637965 
11.554708 0.43433461 0.36382312 
11.565279 0.43419674 0.36384985 
11.575802 0.4340595 0.36387658 
11.586326 0.43392229 0.36390346 
11.596849 0.43378511 0.36393043 
11.607373 0.43364796 0.36395755 
11.617905 0.43351072 0.36398479 
11.628436 0.43337351 0.36401215 
11.638968 0.43323633 0.36403966 
11.6495 0.43309915 0.36406729 
11.660001 0.43296245 0.36409494 
11.670501 0.43282574 0.36412272 
11.681002 0.43268907 0.36415064 
11.691503 0.43255243 0.36417866 
11.70198 0.43241611 0.36420676 
11.712458 0.43227983 0.36423495 
11.722936 0.43214357 0.3642633 
11.733413 0.43200731 0.36429173 
11.743892 0.43187112 0.36432031 
11.754371 0.43173492 0.36434901 
11.76485 0.43159878 0.36437786 
11.775328 0.43146268 0.36440679 
11.7858 0.43132666 0.36443582 
11.796271 0.4311907 0.364465 
11.806744 0.43105477 0.36449429 
11.817215 0.43091887 0.36452371 
11.827625 0.43078384 0.36455306 
11.838035 0.4306488 0.36458254 
11.848445 0.43051383 0.36461213 
11.858854 0.43037888 0.36464188 
11.869233 0.43024436 0.36467162 
11.879612 0.43010989 0.36470148 
11.889991 0.42997545 0.36473146 
11.90037 0.42984104 0.36476159 
11.910813 0.42970583 0.36479199 
11.921258 0.42957065 0.36482254 
11.931702 0.42943552 0.3648532 
11.942145 0.42930043 0.36488399 
11.952532 0.42916611 0.36491472 
11.962918 0.42903185 0.36494556 
11.973305 0.42889762 0.36497656 
11.983691 0.42876342 0.36500764 
11.994053 0.42862961 0.36503878 
12.004414 0.42849582 0.36507002 
12.014774 0.4283621 0.3651014 
12.025135 0.42822841 0.3651329 
12.035517 0.42809448 0.36516455 
12.045898 0.42796063 0.36519635 
12.056279 0.42782679 0.36522827 
12.066661 0.42769301 0.3652603 
12.077023 0.42755952 0.3652924 
12.087384 0.42742607 0.36532462 
12.097747 0.42729267 0.36535692 
12.108109 0.42715934 0.36538938 
12.118449 0.4270263 0.36542189 
12.12879 0.42689332 0.36545449 
12.139131 0.42676038 0.36548725 
12.149471 0.42662749 0.36552009 
12.159842 0.42649427 0.36555317 
12.170211 0.42636111 0.36558634 
12.180581 0.42622799 0.36561966 
12.19095 0.42609492 0.3656531 
12.201312 0.42596203 0.3656866 
12.211673 0.42582917 0.36572024 
12.222034 0.42569637 0.36575398 
12.232395 0.42556363 0.36578786 
12.242728 0.42543128 0.36582175 
12.253061 0.42529899 0.36585578 
12.263395 0.42516676 0.36588991 
12.273728 0.42503458 0.36592418 
12.284063 0.42490241 0.36595854 
12.294398 0.42477033 0.36599305 
12.304732 0.42463827 0.36602765 
12.315067 0.42450631 0.3660624 
12.325419 0.42437416 0.3660973 
12.335771 0.42424208 0.36613232 
12.346123 0.42411003 0.36616746 
12.356475 0.42397806 0.36620274 
12.366797 0.42384651 0.366238 
12.377121 0.423715 0.3662734 
12.387444 0.42358357 0.36630893 
12.397768 0.42345217 0.36634457 
12.408084 0.42332095 0.3663803 
12.418399 0.42318979 0.36641613 
12.428714 0.42305869 0.3664521 
12.43903 0.42292765 0.36648819 
12.449367 0.4227964 0.36652446 
12.459704 0.42266521 0.36656085 
12.470041 0.42253405 0.36659735 
12.480379 0.42240298 0.36663398 
12.490722 0.42227191 0.36667073 
12.501064 0.4221409 0.36670762 
12.511408 0.42200994 0.36674461 
12.52175 0.42187905 0.36678174 
12.532064 0.42174858 0.36681888 
12.542379 0.42161819 0.3668561 
12.552693 0.42148787 0.36689347 
12.563008 0.4213576 0.36693096 
12.573354 0.42122701 0.36696866 
12.583699 0.42109647 0.36700651 
12.594045 0.42096603 0.36704445 
12.60439 0.42083564 0.36708251 
12.614771 0.42070487 0.36712083 
12.625153 0.42057419 0.36715925 
12.635533 0.42044356 0.36719781 
12.645914 0.420313 0.36723647 
12.656302 0.42018244 0.3672753 
12.666691 0.42005193 0.36731422 
12.677079 0.41992149 0.36735326 
12.687468 0.41979113 0.36739242 
12.69791 0.41966018 0.36743191 
12.708352 0.41952929 0.36747152 
12.718795 0.41939849 0.36751127 
12.729237 0.41926774 0.36755112 
12.739595 0.41913813 0.36759076 
12.749955 0.41900861 0.36763051 
12.760314 0.41887915 0.36767039 
12.770673 0.41874975 0.36771038 
12.781071 0.41861996 0.36775064 
12.791468 0.41849023 0.36779103 
12.801866 0.41836062 0.36783153 
12.812263 0.41823104 0.36787215 
12.822706 0.41810101 0.36791307 
12.833148 0.41797104 0.36795411 
12.843591 0.4178412 0.36799523 
12.854033 0.41771138 0.36803651 
12.864469 0.41758177 0.36807787 
12.874904 0.41745225 0.36811933 
12.885339 0.41732278 0.36816093 
12.895774 0.41719341 0.36820266 
12.906211 0.4170641 0.36824447 
12.916648 0.41693488 0.36828643 
12.927084 0.41680574 0.36832851 
12.937521 0.4166767 0.36837068 
12.948007 0.41654712 0.36841318 
12.958492 0.41641766 0.36845583 
12.968978 0.41628826 0.36849856 
12.979464 0.41615897 0.36854142 
12.989984 0.41602933 0.36858454 
13.000504 0.41589978 0.36862779 
13.011024 0.41577032 0.36867115 
13.021544 0.41564095 0.36871463 
13.03205 0.41551185 0.36875814 
13.042557 0.41538283 0.3688018 
13.053062 0.41525391 0.36884558 
13.063568 0.4151251 0.36888948 
13.074138 0.41499558 0.36893377 
13.084706 0.41486618 0.36897814 
13.095275 0.41473687 0.36902267 
13.105844 0.41460767 0.36906731 
13.116457 0.414478 0.36911225 
13.127071 0.41434842 0.36915731 
13.137685 0.41421896 0.36920249 
13.148298 0.41408959 0.36924779 
13.158924 0.41396019 0.36929327 
13.16955 0.41383088 0.3693389 
13.180176 0.41370165 0.36938462 
13.190802 0.41357255 0.36943045 
13.20143 0.41344351 0.36947641 
13.212058 0.41331458 0.36952251 
13.222687 0.41318575 0.36956871 
13.233315 0.41305703 0.36961505 
13.244006 0.41292763 0.36966178 
13.254697 0.41279837 0.36970863 
13.265388 0.41266918 0.3697556 
13.276079 0.41254014 0.36980268 
13.28683 0.41241047 0.36985016 
13.297581 0.41228089 0.36989775 
13.308331 0.41215143 0.36994547 
13.319082 0.41202208 0.3699933 
13.329882 0.41189229 0.37004149 
13.340681 0.4117626 0.37008977 
13.35148 0.41163301 0.3701382 
13.362279 0.41150355 0.37018675 
13.373142 0.41137341 0.37023571 
13.384006 0.41124341 0.3702848 
13.394869 0.41111353 0.370334 
13.405732 0.41098374 0.37038332 
13.416622 0.41085377 0.37043288 
13.427512 0.41072392 0.37048259 
13.438403 0.4105942 0.37053242 
13.449293 0.41046458 0.37058237 
13.460252 0.41033429 0.37063274 
13.47121 0.41020411 0.37068325 
13.482168 0.41007406 0.37073389 
13.493126 0.40994415 0.37078464 
13.504111 0.40981403 0.37083566 
13.515096 0.40968403 0.37088677 
13.526081 0.40955418 0.37093803 
13.537066 0.40942445 0.37098941 
13.548131 0.40929392 0.3710413 
13.559197 0.40916348 0.3710933 
13.570263 0.40903321 0.37114546 
13.581328 0.40890303 0.37119773 
13.592499 0.40877178 0.3712506 
13.603669 0.40864068 0.37130362 
13.61484 0.4085097 0.37135676 
13.626011 0.40837884 0.37141004 
13.637284 0.40824693 0.37146392 
13.648558 0.40811518 0.37151796 
13.659831 0.40798357 0.37157211 
13.671104 0.40785208 0.37162638 
13.6825 0.40771934 0.37168139 
13.693895 0.40758672 0.37173653 
13.705291 0.40745428 0.37179178 
13.716686 0.40732196 0.37184718 
13.728091 0.4071897 0.37190276 
13.739495 0.40705758 0.37195846 
13.7509 0.40692562 0.37201431 
13.762305 0.4067938 0.37207028 
13.77394 0.40665948 0.3721275 
13.785575 0.40652534 0.37218487 
13.79721 0.40639135 0.37224239 
13.808845 0.40625754 0.37230003 
13.820565 0.40612289 0.37235823 
13.832287 0.4059884 0.37241659 
13.844007 0.40585408 0.37247506 
13.855728 0.40571991 0.37253368 
13.867633 0.40558383 0.37259337 
13.879538 0.40544793 0.37265319 
13.891442 0.40531218 0.37271315 
13.903347 0.40517664 0.37277326 
13.915659 0.40503663 0.37283555 
13.927972 0.4048968 0.37289801 
13.940285 0.40475717 0.37296063 
13.952598 0.40461773 0.37302339 
13.964877 0.40447885 0.37308612 
13.977157 0.40434015 0.37314901 
13.989437 0.40420166 0.37321204 
14.001717 0.40406337 0.37327522 
14.01434 0.4039214 0.37334034 
14.026965 0.40377963 0.37340561 
14.03959 0.40363806 0.37347102 
14.052214 0.40349671 0.37353662 
14.065707 0.40334588 0.37360686 
14.079201 0.40319529 0.37367731 
14.092693 0.40304494 0.37374792 
14.106187 0.40289482 0.37381873 
14.120257 0.40273854 0.37389272 
14.134329 0.40258253 0.3739669 
14.148399 0.40242681 0.37404132 
14.162471 0.40227133 0.37411588 
14.176288 0.40211895 0.37418929 
14.190104 0.40196684 0.3742629 
14.203921 0.40181497 0.37433666 
14.217738 0.40166336 0.37441063 
14.230802 0.40152028 0.37448072 
14.243866 0.40137747 0.37455097 
14.256929 0.40123487 0.37462139 
14.269993 0.4010925 0.37469196 
14.282353 0.40095806 0.3747589 
14.294713 0.4008238 0.37482595 
14.307074 0.40068981 0.37489316 
14.319433 0.400556 0.37496051 
14.33217 0.40041837 0.37503004 
14.344905 0.40028098 0.37509975 
14.35764 0.40014383 0.37516961 
14.370377 0.40000692 0.37523958 
14.382471 0.39987713 0.37530619 
14.394565 0.39974758 0.37537295 
14.406659 0.39961824 0.37543982 
14.418754 0.3994891 0.37550682 
14.430771 0.39936101 0.37557355 
14.442789 0.39923313 0.37564039 
14.454807 0.39910546 0.37570739 
14.466825 0.39897802 0.37577447 
14.478919 0.39885002 0.37584215 
14.491012 0.39872223 0.37590995 
14.503105 0.39859468 0.37597787 
14.515199 0.39846736 0.37604594 
14.527004 0.39834329 0.37611249 
14.53881 0.39821944 0.37617919 
14.550615 0.39809579 0.37624601 
14.562421 0.39797238 0.37631294 
14.574121 0.3978503 0.3763794 
14.585819 0.39772841 0.37644598 
14.597519 0.39760679 0.37651268 
14.609218 0.39748535 0.37657949 
14.621018 0.3973631 0.376647 
14.632818 0.39724109 0.37671465 
14.644618 0.39711928 0.37678242 
14.656418 0.39699772 0.37685028 
14.668074 0.39687788 0.37691745 
14.679729 0.39675823 0.37698475 
14.691385 0.39663884 0.37705213 
14.703041 0.39651966 0.37711966 
14.714653 0.39640114 0.37718704 
14.726265 0.39628285 0.37725455 
14.737877 0.3961648 0.37732214 
14.749489 0.396047 0.37738988 
14.761053 0.39592987 0.37745744 
14.772617 0.39581299 0.37752509 
14.784182 0.39569631 0.37759289 
14.795746 0.39557987 0.37766078 
14.807296 0.39546382 0.37772873 
14.818846 0.39534798 0.37779677 
14.830397 0.39523238 0.3778649 
14.841947 0.39511701 0.37793317 
14.853493 0.39500195 0.37800151 
14.865039 0.39488706 0.37806997 
14.876585 0.39477244 0.37813854 
14.888131 0.39465806 0.37820721 
14.899668 0.39454398 0.37827596 
14.911205 0.39443016 0.37834477 
14.922743 0.39431655 0.37841374 
14.93428 0.39420322 0.37848279 
14.945798 0.39409027 0.37855184 
14.957316 0.39397758 0.37862098 
14.968835 0.39386514 0.37869027 
14.980353 0.39375293 0.37875962 
14.991887 0.39364082 0.37882918 
15.003421 0.39352894 0.37889886 
15.014955 0.3934173 0.37896866 
15.026488 0.3933059 0.37903854 
15.03802 0.39319479 0.37910849 
15.049551 0.39308393 0.37917858 
15.061082 0.3929733 0.37924874 
15.072614 0.39286292 0.37931904 
15.084184 0.39275244 0.37938964 
15.095755 0.39264217 0.37946039 
15.107326 0.39253217 0.3795312 
15.118896 0.39242244 0.37960213 
15.130492 0.39231271 0.37967333 
15.142089 0.39220324 0.37974465 
15.153686 0.39209402 0.37981603 
15.165282 0.39198506 0.37988752 
15.177005 0.39187518 0.37995991 
15.188728 0.39176553 0.38003239 
15.200451 0.39165619 0.38010499 
15.212174 0.39154711 0.38017768 
15.22361 0.39144096 0.38024867 
15.235044 0.39133507 0.38031977 
15.24648 0.39122942 0.38039094 
15.257915 0.39112407 0.38046223 
15.269892 0.39101395 0.380537 
15.281869 0.39090416 0.38061187 
15.293845 0.39079463 0.38068685 
15.305822 0.39068541 0.38076192 
15.317441 0.3905797 0.38083485 
15.32906 0.39047429 0.38090786 
15.340678 0.39036915 0.38098097 
15.352297 0.39026427 0.38105419 
15.364439 0.39015499 0.38113081 
15.37658 0.39004597 0.38120753 
15.388721 0.38993728 0.38128433 
15.400864 0.38982889 0.38136125 
15.412806 0.38972256 0.38143697 
15.424748 0.38961655 0.38151285 
15.436691 0.38951081 0.38158879 
15.448634 0.3894054 0.38166481 
15.460749 0.38929874 0.38174206 
15.472863 0.3891924 0.3818194 
15.484978 0.38908637 0.38189682 
15.497092 0.38898066 0.38197434 
15.509222 0.38887513 0.38205206 
15.521352 0.38876989 0.38212988 
15.533481 0.38866499 0.38220778 
15.54561 0.38856038 0.3822858 
15.559192 0.38844365 0.38237324 
15.572774 0.3883273 0.38246083 
15.586355 0.38821134 0.38254851 
15.599937 0.3880958 0.38263634 
15.613149 0.3879838 0.38272184 
15.626359 0.38787219 0.38280749 
15.63957 0.38776094 0.38289323 
15.652781 0.38765007 0.38297907 
15.66682 0.38753271 0.38307041 
15.680859 0.38741577 0.38316187 
15.694898 0.38729924 0.38325346 
15.708936 0.38718319 0.38334516 
15.722399 0.38707229 0.38343319 
15.735862 0.38696182 0.38352135 
15.749324 0.38685176 0.38360959 
15.762787 0.38674209 0.38369796 
15.776254 0.38663283 0.38378644 
15.78972 0.38652396 0.38387504 
15.803186 0.38641551 0.38396373 
15.816653 0.38630748 0.38405252 
15.829512 0.38620472 0.38413739 
15.84237 0.38610235 0.38422239 
15.855227 0.38600037 0.38430744 
15.868086 0.38589874 0.38439259 
15.880233 0.38580313 0.38447312 
15.892379 0.38570786 0.3845537 
15.904526 0.38561291 0.38463438 
15.916672 0.38551831 0.38471514 
15.929818 0.38541636 0.38480264 
15.942965 0.38531479 0.3848902 
15.956111 0.38521361 0.38497788 
15.969257 0.38511288 0.38506562 
15.981535 0.38501918 0.38514766 
15.993813 0.38492584 0.38522977 
16.00609 0.38483286 0.38531196 
16.018368 0.38474023 0.38539422 
16.030029 0.38465258 0.38547242 
16.041693 0.38456529 0.38555068 
16.053354 0.3844783 0.38562903 
16.065018 0.38439167 0.38570741 
16.076582 0.38430607 0.38578522 
16.088148 0.38422081 0.3858631 
16.099714 0.3841359 0.38594103 
16.111279 0.38405129 0.38601905 
16.122501 0.38396952 0.38609478 
16.133722 0.38388807 0.38617057 
16.144943 0.38380694 0.38624641 
16.156166 0.38372612 0.38632232 
16.167253 0.38364655 0.38639736 
16.178343 0.38356733 0.38647249 
16.18943 0.38348839 0.38654765 
16.20052 0.38340977 0.38662285 
16.211502 0.38333219 0.38669741 
16.222485 0.38325495 0.38677201 
16.233467 0.383178 0.38684666 
16.24445 0.38310137 0.38692135 
16.255499 0.38302457 0.38699654 
16.266548 0.3829481 0.38707179 
16.277596 0.38287196 0.38714707 
16.288645 0.38279611 0.38722241 
16.299381 0.38272271 0.38729566 
16.310118 0.38264963 0.38736898 
16.320854 0.38257682 0.38744232 
16.331591 0.38250431 0.38751569 
16.342396 0.38243166 0.3875896 
16.353203 0.38235933 0.38766354 
16.364008 0.38228729 0.38773751 
16.374813 0.38221556 0.38781154 
16.385372 0.38214573 0.38788393 
16.395933 0.38207623 0.38795635 
16.406494 0.38200703 0.38802883 
16.417053 0.3819381 0.38810131 
16.427486 0.38187033 0.38817298 
16.437918 0.38180283 0.38824466 
16.448349 0.38173562 0.38831639 
16.458782 0.38166872 0.38838816 
16.469341 0.3816013 0.38846084 
16.4799 0.38153416 0.38853353 
16.490459 0.38146734 0.38860628 
16.501019 0.38140082 0.38867906 
16.511435 0.3813355 0.38875088 
16.521852 0.38127047 0.38882276 
16.532269 0.38120574 0.38889465 
16.542686 0.3811413 0.38896656 
16.552778 0.38107917 0.3890363 
16.562872 0.3810173 0.38910604 
16.572964 0.38095573 0.3891758 
16.583057 0.38089442 0.3892456 
16.59322 0.38083297 0.3893159 
16.603384 0.38077182 0.38938627 
16.613548 0.38071096 0.38945663 
16.623711 0.38065037 0.38952702 
16.633902 0.38058993 0.38959762 
16.644091 0.38052976 0.38966826 
16.654282 0.38046992 0.38973892 
16.664471 0.38041034 0.38980958 
16.674332 0.38035297 0.389878 
16.684193 0.38029587 0.38994646 
16.694054 0.38023907 0.39001492 
16.703915 0.38018253 0.3900834 
16.713985 0.38012508 0.39015335 
16.724056 0.38006791 0.39022335 
16.734127 0.38001102 0.39029336 
16.744198 0.37995443 0.3903634 
16.754143 0.37989885 0.39043254 
16.764088 0.37984353 0.39050174 
16.774031 0.37978852 0.39057094 
16.783976 0.3797338 0.39064017 
16.793859 0.37967968 0.39070898 
16.803743 0.37962586 0.3907778 
16.813627 0.3795723 0.39084667 
16.823511 0.37951905 0.39091551 
16.833296 0.37946659 0.39098373 
16.843081 0.37941444 0.39105195 
16.852865 0.37936255 0.39112017 
16.862652 0.37931094 0.39118841 
16.872099 0.37926137 0.39125431 
16.881548 0.37921208 0.39132023 
16.890997 0.37916306 0.39138615 
16.900444 0.3791143 0.3914521 
16.910215 0.37906414 0.39152029 
16.919985 0.37901428 0.39158851 
16.929754 0.37896472 0.39165673 
16.939526 0.37891543 0.39172494 
16.949005 0.37886786 0.39179116 
16.958485 0.3788206 0.39185739 
16.967964 0.37877357 0.39192361 
16.977444 0.37872684 0.39198986 
16.986937 0.37868029 0.3920562 
16.996429 0.37863404 0.39212254 
17.005922 0.37858805 0.39218891 
17.015415 0.37854233 0.39225525 
17.024754 0.37849763 0.39232054 
17.03409 0.3784532 0.39238584 
17.043428 0.37840903 0.39245114 
17.052767 0.37836513 0.39251643 
17.062124 0.37832141 0.39258188 
17.071482 0.37827796 0.39264733 
17.080839 0.37823477 0.39271277 
17.090199 0.37819186 0.39277825 
17.099529 0.37814933 0.39284351 
17.108862 0.37810707 0.39290881 
17.118195 0.37806511 0.39297408 
17.127525 0.37802339 0.39303938 
17.136652 0.37798285 0.39310324 
17.145779 0.37794256 0.39316708 
17.154905 0.37790257 0.39323094 
17.164032 0.37786281 0.39329478 
17.173223 0.37782302 0.39335909 
17.182417 0.37778354 0.39342344 
17.191608 0.37774429 0.39348775 
17.200802 0.37770531 0.39355206 
17.209858 0.37766719 0.39361539 
17.218912 0.37762931 0.39367875 
17.227968 0.3775917 0.39374211 
17.237024 0.37755433 0.39380547 
17.246166 0.3775169 0.39386943 
17.255308 0.37747973 0.39393336 
17.26445 0.37744281 0.39399731 
17.273594 0.37740618 0.39406127 
17.282455 0.37737089 0.39412323 
17.291319 0.37733591 0.39418522 
17.30018 0.37730113 0.39424717 
17.309044 0.37726665 0.39430916 
17.317886 0.37723246 0.39437097 
17.326729 0.37719855 0.39443278 
17.335571 0.37716487 0.39449459 
17.344414 0.37713146 0.3945564 
17.353321 0.37709805 0.39461866 
17.362226 0.37706491 0.39468089 
17.371134 0.37703204 0.39474311 
17.380041 0.37699941 0.39480534 
17.388771 0.3769677 0.39486632 
17.397503 0.37693623 0.39492729 
17.406233 0.37690499 0.39498827 
17.414965 0.37687403 0.39504921 
17.423668 0.37684339 0.39510998 
17.432373 0.37681302 0.39517075 
17.441078 0.37678289 0.39523152 
17.449783 0.37675303 0.39529225 
17.458555 0.37672317 0.39535344 
17.467327 0.37669358 0.39541462 
17.476099 0.37666425 0.3954758 
17.484871 0.37663516 0.39553696 
17.493511 0.37660679 0.39559719 
17.50215 0.37657866 0.39565739 
17.510788 0.37655076 0.39571759 
17.519426 0.37652314 0.39577776 
17.527901 0.37649626 0.3958368 
17.536377 0.37646964 0.39589581 
17.544851 0.37644327 0.39595482 
17.553328 0.3764171 0.3960138 
17.561857 0.37639105 0.39607316 
17.570387 0.37636524 0.3961325 
17.578917 0.37633967 0.39619184 
17.587446 0.37631434 0.39625114 
17.595804 0.37628978 0.39630926 
17.604162 0.37626547 0.39636734 
17.612522 0.37624136 0.3964254 
17.62088 0.37621751 0.39648345 
17.629225 0.37619394 0.39654142 
17.637569 0.37617061 0.39659935 
17.645916 0.37614751 0.39665726 
17.654261 0.37612465 0.39671516 
17.662575 0.37610212 0.39677283 
17.670889 0.37607983 0.3968305 
17.679205 0.3760578 0.39688814 
17.687519 0.37603599 0.39694574 
17.695932 0.37601414 0.39700404 
17.704344 0.37599257 0.3970623 
17.712757 0.37597126 0.39712054 
17.72117 0.37595016 0.39717874 
17.729427 0.37592971 0.39723587 
17.737684 0.37590951 0.39729297 
17.745941 0.37588954 0.39735007 
17.754198 0.37586981 0.39740711 
17.762329 0.37585059 0.39746329 
17.770462 0.37583163 0.39751947 
17.778595 0.37581289 0.39757562 
17.786728 0.37579441 0.39763173 
17.794788 0.37577629 0.39768735 
17.802849 0.37575841 0.39774293 
17.810909 0.37574077 0.39779848 
17.81897 0.37572336 0.39785403 
17.82704 0.37570617 0.39790961 
17.835112 0.37568918 0.39796516 
17.843182 0.37567246 0.39802071 
17.851254 0.37565595 0.39807624 
17.859346 0.37563965 0.39813188 
17.867439 0.37562355 0.39818752 
17.87553 0.37560773 0.39824313 
17.883623 0.37559211 0.39829868 
17.891581 0.375577 0.39835331 
17.899538 0.3755621 0.39840791 
17.907495 0.37554744 0.39846247 
17.915451 0.37553301 0.39851704 
17.923344 0.37551895 0.39857113 
17.931236 0.37550509 0.39862517 
17.939129 0.37549144 0.3986792 
17.947021 0.37547806 0.39873323 
17.954901 0.37546489 0.39878711 
17.962782 0.37545195 0.39884099 
17.970661 0.37543926 0.39889482 
17.97854 0.3754268 0.39894864 
17.986353 0.37541464 0.39900199 
17.994165 0.37540272 0.39905527 
18.001978 0.37539104 0.39910856 
18.00979 0.37537956 0.39916182 
18.017601 0.37536833 0.39921504 
18.025414 0.3753573 0.39926824 
18.033226 0.37534651 0.39932141 
18.041037 0.37533596 0.39937454 
18.048754 0.37532574 0.399427 
18.056469 0.37531576 0.39947942 
18.064184 0.37530598 0.39953184 
18.071899 0.37529644 0.3995842 
18.079678 0.37528703 0.39963695 
18.087454 0.37527788 0.3996897 
18.095232 0.37526891 0.39974239 
18.103008 0.3752602 0.39979509 
18.110641 0.37525186 0.39984673 
18.118273 0.37524375 0.39989838 
18.125906 0.37523586 0.39994997 
18.133537 0.37522817 0.40000156 
18.141121 0.37522075 0.40005279 
18.148706 0.37521356 0.40010396 
18.15629 0.37520659 0.40015513 
18.163874 0.37519982 0.40020627 
18.171558 0.37519321 0.40025803 
18.179243 0.3751868 0.40030977 
18.186928 0.3751806 0.40036151 
18.194613 0.37517467 0.40041319 
18.202072 0.3751691 0.40046331 
18.209534 0.37516373 0.40051344 
18.216993 0.37515861 0.40056351 
18.224453 0.37515369 0.40061358 
18.231956 0.37514895 0.40066388 
18.23946 0.37514442 0.40071416 
18.246964 0.3751401 0.40076441 
18.254467 0.37513602 0.40081459 
18.261944 0.37513214 0.4008646 
18.269423 0.37512851 0.40091458 
18.276899 0.37512508 0.40096453 
18.284376 0.37512186 0.40101442 
18.29178 0.37511891 0.4010638 
18.299185 0.37511614 0.40111315 
18.306589 0.37511361 0.40116248 
18.313993 0.37511128 0.40121177 
18.321432 0.37510917 0.40126124 
18.328869 0.37510726 0.40131068 
18.336308 0.37510556 0.40136006 
18.343746 0.37510407 0.40140945 
18.351162 0.37510282 0.40145865 
18.358578 0.37510177 0.40150779 
18.365993 0.37510094 0.40155691 
18.373409 0.37510034 0.40160599 
18.38069 0.37509996 0.40165415 
18.387972 0.37509978 0.40170228 
18.395254 0.37509981 0.40175036 
18.402536 0.37510005 0.40179843 
18.409784 0.37510049 0.40184623 
18.417032 0.37510115 0.40189397 
18.42428 0.37510201 0.40194172 
18.431528 0.37510306 0.4019894 
18.438787 0.37510434 0.40203714 
18.446047 0.37510583 0.40208483 
18.453306 0.37510753 0.40213248 
18.460566 0.37510946 0.40218011 
18.467724 0.37511155 0.40222704 
18.474884 0.37511384 0.40227392 
18.482042 0.37511635 0.40232077 
18.489201 0.37511903 0.40236759 
18.496391 0.37512195 0.40241456 
18.50358 0.37512508 0.4024615 
18.510769 0.37512842 0.40250841 
18.517958 0.37513196 0.40255529 
18.525146 0.37513572 0.40260211 
18.532335 0.37513968 0.4026489 
18.539524 0.37514386 0.40269563 
18.546713 0.37514824 0.40274236 
18.553844 0.3751528 0.40278864 
18.560974 0.37515754 0.40283489 
18.568106 0.37516251 0.40288112 
18.575235 0.37516767 0.40292728 
18.582302 0.375173 0.402973 
18.589369 0.37517855 0.40301868 
18.596436 0.37518427 0.40306434 
18.603502 0.3751902 0.40310994 
18.610533 0.37519631 0.4031553 
18.617563 0.37520263 0.40320057 
18.624594 0.37520915 0.40324584 
18.631624 0.37521586 0.40329105 
18.638609 0.37522274 0.40333593 
18.645596 0.37522981 0.40338078 
18.65258 0.37523711 0.4034256 
18.659567 0.37524456 0.40347037 
18.666632 0.37525234 0.40351561 
18.673697 0.37526032 0.40356082 
18.680761 0.37526849 0.40360597 
18.687826 0.37527686 0.40365109 
18.694782 0.37528533 0.40369546 
18.701738 0.375294 0.40373978 
18.708694 0.37530285 0.4037841 
18.715651 0.37531191 0.40382832 
18.722597 0.37532115 0.40387249 
18.729546 0.37533063 0.40391663 
18.736492 0.37534028 0.4039607 
18.743439 0.37535012 0.40400472 
18.750238 0.37535995 0.40404779 
18.757036 0.37537 0.40409079 
18.763836 0.37538022 0.40413377 
18.770634 0.37539065 0.40417668 
18.777517 0.37540138 0.4042201 
18.784401 0.37541232 0.4042635 
18.791285 0.37542346 0.40430683 
18.798168 0.37543482 0.40435013 
18.805061 0.37544638 0.40439343 
18.811954 0.37545815 0.40443671 
18.818848 0.3754701 0.40447995 
18.825741 0.37548226 0.40452313 
18.832556 0.37549448 0.40456578 
18.839371 0.37550691 0.4046084 
18.846188 0.37551951 0.40465096 
18.853003 0.37553233 0.40469348 
18.859789 0.37554529 0.40473577 
18.866573 0.37555844 0.40477803 
18.87336 0.37557179 0.40482026 
18.880146 0.37558532 0.4048624 
18.886909 0.37559903 0.4049044 
18.893673 0.37561291 0.40494636 
18.900436 0.37562701 0.40498823 
18.9072 0.37564129 0.4050301 
18.913946 0.37565571 0.40507179 
18.920692 0.37567034 0.40511346 
18.927439 0.37568519 0.40515506 
18.934185 0.37570021 0.40519664 
18.940865 0.37571529 0.40523776 
18.947544 0.37573054 0.40527883 
18.954224 0.37574598 0.40531984 
18.960903 0.37576163 0.40536082 
18.967617 0.37577757 0.40540197 
18.974329 0.37579367 0.40544307 
18.981043 0.37581 0.40548414 
18.987757 0.37582651 0.40552515 
18.994406 0.37584305 0.40556571 
19.001053 0.37585977 0.40560624 
19.007702 0.37587669 0.40564671 
19.014351 0.3758938 0.40568712 
19.020975 0.37591106 0.40572739 
19.027601 0.37592849 0.40576759 
19.034225 0.37594613 0.40580773 
19.040852 0.37596396 0.40584785 
19.047447 0.37598187 0.40588772 
19.054043 0.37599999 0.40592754 
19.060638 0.37601832 0.40596735 
19.067234 0.37603682 0.40600708 
19.073866 0.37605563 0.40604702 
19.0805 0.37607461 0.40608689 
19.087132 0.3760938 0.40612671 
19.093765 0.37611318 0.40616649 
19.100348 0.37613261 0.40620592 
19.10693 0.37615222 0.40624532 
19.113512 0.37617204 0.40628463 
19.120094 0.37619203 0.40632394 
19.126591 0.37621197 0.40636268 
19.133089 0.37623209 0.40640137 
19.139587 0.37625238 0.40643999 
19.146084 0.37627289 0.40647861 
19.152615 0.37629366 0.40651733 
19.159143 0.37631464 0.40655604 
19.165674 0.3763358 0.40659466 
19.172203 0.37635714 0.40663329 
19.178738 0.37637869 0.40667185 
19.18527 0.37640044 0.40671039 
19.191805 0.37642238 0.40674886 
19.198338 0.37644449 0.40678728 
19.204763 0.37646645 0.40682504 
19.211189 0.37648857 0.40686274 
19.217617 0.37651089 0.40690038 
19.224043 0.37653339 0.40693799 
19.230568 0.37655643 0.4069761 
19.237093 0.37657964 0.40701419 
19.243618 0.37660307 0.40705222 
19.250143 0.3766267 0.40709022 
19.256561 0.37665009 0.40712753 
19.26298 0.3766737 0.40716481 
19.2694 0.37669748 0.40720204 
19.275818 0.37672147 0.4072392 
19.282257 0.3767457 0.40727645 
19.288694 0.37677011 0.40731362 
19.295134 0.37679473 0.40735078 
19.301573 0.37681952 0.40738785 
19.307985 0.37684441 0.40742475 
19.314398 0.37686947 0.40746158 
19.32081 0.37689474 0.40749839 
19.327223 0.37692016 0.40753511 
19.333639 0.37694582 0.40757182 
19.340055 0.37697163 0.40760848 
19.34647 0.37699765 0.40764508 
19.352886 0.37702388 0.40768164 
19.359219 0.37704992 0.40771767 
19.365551 0.37707615 0.40775365 
19.371883 0.37710255 0.40778959 
19.378216 0.37712917 0.40782547 
19.384621 0.37715626 0.40786171 
19.391026 0.37718353 0.40789789 
19.39743 0.377211 0.40793404 
19.403835 0.37723866 0.40797013 
19.410175 0.37726623 0.4080058 
19.416517 0.37729397 0.40804142 
19.422857 0.3773219 0.408077 
19.429197 0.37735003 0.4081125 
19.435486 0.37737808 0.40814769 
19.441772 0.37740633 0.4081828 
19.448061 0.37743476 0.40821788 
19.45435 0.3774634 0.40825289 
19.460651 0.37749225 0.40828794 
19.466951 0.37752131 0.40832293 
19.473253 0.37755051 0.40835789 
19.479553 0.37757993 0.40839276 
19.485849 0.37760949 0.40842757 
19.492146 0.37763926 0.40846232 
19.498442 0.37766919 0.40849704 
19.504738 0.37769932 0.40853167 
19.511034 0.37772962 0.40856627 
19.51733 0.37776011 0.40860081 
19.523626 0.37779081 0.40863532 
19.529924 0.37782168 0.40866977 
19.536169 0.37785247 0.40870386 
19.542416 0.37788346 0.40873793 
19.54866 0.37791461 0.40877193 
19.554907 0.37794596 0.40880591 
19.561152 0.37797749 0.40883979 
19.567398 0.3780092 0.40887365 
19.573643 0.37804109 0.40890744 
19.579887 0.37807316 0.40894118 
19.586147 0.37810549 0.40897492 
19.592407 0.37813801 0.40900865 
19.598667 0.37817073 0.4090423 
19.604927 0.3782036 0.40907589 
19.611141 0.37823644 0.40910921 
19.617355 0.37826943 0.40914246 
19.623571 0.37830263 0.40917566 
19.629786 0.37833601 0.4092088 
19.635994 0.37836954 0.40924186 
19.6422 0.37840325 0.40927485 
19.648409 0.37843713 0.40930781 
19.654617 0.3784712 0.40934068 
19.660807 0.37850535 0.40937343 
19.666998 0.37853968 0.40940613 
19.673187 0.37857422 0.40943876 
19.679377 0.37860891 0.40947133 
19.685566 0.37864378 0.40950385 
19.691757 0.37867886 0.40953633 
19.697947 0.37871408 0.40956873 
19.704138 0.37874952 0.40960109 
19.710299 0.37878495 0.40963325 
19.716459 0.3788206 0.40966535 
19.722622 0.37885639 0.40969738 
19.728783 0.37889239 0.40972939 
19.734964 0.37892866 0.40976143 
19.741146 0.37896514 0.40979341 
19.747328 0.3790018 0.40982533 
19.75351 0.37903863 0.40985721 
19.759628 0.37907526 0.40988871 
19.765747 0.37911209 0.40992013 
19.771866 0.37914911 0.40995154 
19.777987 0.37918627 0.40998286 
19.784145 0.37922388 0.41001433 
19.790306 0.37926167 0.41004577 
19.796467 0.37929967 0.41007712 
19.802628 0.37933782 0.41010845 
19.808775 0.37937608 0.41013962 
19.81492 0.3794145 0.41017076 
19.821066 0.37945312 0.41020182 
19.827211 0.37949193 0.41023284 
19.833328 0.37953073 0.41026363 
19.839445 0.37956968 0.41029438 
19.84556 0.37960884 0.41032508 
19.851677 0.37964818 0.41035572 
19.857771 0.37968755 0.41038617 
19.863865 0.3797271 0.41041657 
19.869959 0.37976682 0.41044694 
19.876055 0.37980673 0.41047722 
19.882153 0.37984684 0.4105075 
19.888252 0.37988713 0.41053769 
19.894352 0.37992764 0.41056785 
19.900452 0.37996829 0.41059795 
19.906559 0.3800092 0.41062802 
19.912668 0.38005027 0.41065803 
19.918776 0.38009155 0.41068801 
19.924885 0.380133 0.4107179 
19.930979 0.38017452 0.41074768 
19.937073 0.38021624 0.41077739 
19.943165 0.38025811 0.41080704 
19.949259 0.38030019 0.41083664 
19.955339 0.38034236 0.41086611 
19.96142 0.38038471 0.41089553 
19.967501 0.38042721 0.41092488 
19.973581 0.38046992 0.41095418 
19.979654 0.38051274 0.41098338 
19.985729 0.38055578 0.41101253 
19.991802 0.38059896 0.41104162 
19.997875 0.38064232 0.41107064 
20.003992 0.38068619 0.41109982 
20.010107 0.38073024 0.41112894 
20.016224 0.38077447 0.411158 
20.022341 0.38081887 0.41118696 
20.028366 0.3808628 0.41121548 
20.034389 0.38090691 0.41124392 
20.040415 0.38095117 0.41127229 
20.04644 0.38099563 0.4113006 
20.052481 0.38104039 0.41132894 
20.058523 0.38108534 0.41135722 
20.064566 0.38113046 0.41138545 
20.070608 0.38117576 0.41141361 
20.076666 0.38122138 0.4114418 
20.082726 0.38126716 0.41146991 
20.088785 0.38131315 0.41149798 
20.094843 0.38135928 0.41152596 
20.100927 0.3814058 0.41155401 
20.10701 0.3814525 0.41158199 
20.113094 0.38149941 0.41160992 
20.119177 0.38154647 0.41163778 
20.125254 0.38159364 0.41166556 
20.131329 0.38164103 0.41169325 
20.137405 0.38168859 0.4117209 
20.14348 0.38173634 0.41174847 
20.149515 0.3817839 0.4117758 
20.15555 0.38183168 0.41180307 
20.161583 0.38187963 0.41183028 
20.167618 0.38192776 0.41185743 
20.173649 0.38197604 0.41188449 
20.179682 0.38202453 0.41191152 
20.185713 0.38207316 0.41193846 
20.191744 0.38212201 0.41196534 
20.197784 0.38217109 0.41199219 
20.203825 0.38222036 0.41201898 
20.209866 0.3822698 0.41204572 
20.215906 0.38231942 0.41207239 
20.22196 0.38236934 0.41209906 
20.228014 0.38241944 0.41212568 
20.234066 0.38246971 0.4121522 
20.24012 0.38252017 0.4121787 
20.246178 0.38257083 0.4122051 
20.252234 0.38262168 0.41223148 
20.258289 0.3826727 0.41225776 
20.264347 0.38272393 0.41228402 
20.270376 0.3827751 0.41231006 
20.276405 0.38282642 0.41233605 
20.282434 0.38287795 0.41236198 
20.288465 0.38292965 0.41238782 
20.294498 0.3829816 0.41241366 
20.300533 0.38303369 0.41243941 
20.306566 0.383086 0.41246507 
20.312601 0.38313845 0.4124907 
20.318661 0.38319135 0.41251636 
20.324722 0.3832444 0.41254199 
20.330782 0.38329765 0.4125675 
20.336842 0.38335109 0.41259298 
20.342913 0.38340479 0.41261843 
20.348984 0.3834587 0.41264382 
20.355055 0.38351277 0.41266912 
20.361126 0.38356704 0.41269439 
20.367186 0.38362136 0.41271952 
20.373247 0.3836759 0.41274461 
20.379307 0.38373062 0.41276962 
20.385366 0.38378552 0.41279453 
20.391405 0.38384038 0.41281933 
20.397442 0.38389546 0.41284403 
20.403481 0.38395068 0.41286871 
20.409519 0.38400611 0.4128933 
20.415606 0.38406217 0.412918 
20.42169 0.38411841 0.41294265 
20.427776 0.38417482 0.41296721 
20.433863 0.38423142 0.41299173 
20.439945 0.38428816 0.41301614 
20.446028 0.38434511 0.41304052 
20.45211 0.38440225 0.41306481 
20.458193 0.38445956 0.41308904 
20.464283 0.3845171 0.41311321 
20.470371 0.38457486 0.41313732 
20.476461 0.3846328 0.41316137 
20.48255 0.38469091 0.41318533 
20.488651 0.38474932 0.41320929 
20.494753 0.38480791 0.41323316 
20.500854 0.38486671 0.41325697 
20.506956 0.38492569 0.41328073 
20.51302 0.38498449 0.41330424 
20.519085 0.38504347 0.41332772 
20.525148 0.38510263 0.41335109 
20.531212 0.385162 0.41337442 
20.537315 0.3852219 0.41339782 
20.543417 0.38528201 0.41342115 
20.549519 0.3853423 0.4134444 
20.555622 0.38540277 0.41346759 
20.561731 0.38546348 0.41349074 
20.567841 0.38552439 0.41351381 
20.57395 0.38558549 0.41353682 
20.580059 0.38564679 0.41355973 
20.586195 0.38570851 0.41358271 
20.592331 0.38577044 0.4136056 
20.598467 0.38583255 0.4136284 
20.604603 0.38589486 0.41365114 
20.610754 0.38595751 0.41367388 
20.616905 0.38602036 0.41369653 
20.623058 0.38608339 0.41371912 
20.62921 0.38614661 0.41374162 
20.635357 0.38620999 0.41376403 
20.641506 0.38627356 0.41378638 
20.647654 0.38633731 0.41380867 
20.653803 0.38640124 0.41383088 
20.659985 0.38646573 0.41385314 
20.666168 0.38653043 0.41387531 
20.672352 0.38659531 0.41389742 
20.678535 0.38666037 0.41391945 
20.684731 0.38672575 0.41394144 
20.690924 0.38679132 0.41396338 
20.697119 0.38685709 0.41398522 
20.703314 0.38692304 0.41400701 
20.709528 0.38698938 0.41402876 
20.715742 0.38705593 0.41405046 
20.721956 0.38712269 0.41407207 
20.72817 0.3871896 0.41409361 
20.7344 0.38725689 0.41411513 
20.740629 0.38732439 0.41413659 
20.746861 0.38739207 0.41415793 
20.75309 0.38745996 0.41417924 
20.759327 0.38752809 0.41420045 
20.765562 0.38759643 0.41422161 
20.771799 0.38766494 0.41424268 
20.778034 0.38773364 0.4142637 
20.78433 0.38780323 0.4142848 
20.790625 0.38787296 0.41430584 
20.796921 0.38794294 0.41432682 
20.803215 0.38801309 0.41434768 
20.809525 0.38808358 0.41436854 
20.815832 0.38815427 0.41438928 
20.82214 0.38822517 0.41441 
20.828449 0.38829628 0.41443059 
20.834778 0.38836777 0.41445118 
20.841105 0.38843951 0.41447169 
20.847433 0.38851139 0.4144921 
20.853762 0.38858351 0.41451246 
20.860126 0.38865623 0.41453284 
20.866491 0.38872916 0.41455314 
20.872856 0.38880229 0.41457337 
20.879221 0.38887563 0.41459349 
20.88562 0.38894954 0.41461366 
20.892019 0.38902366 0.41463372 
20.898417 0.38909799 0.41465372 
20.904816 0.38917249 0.41467363 
20.91124 0.38924754 0.41469353 
20.917665 0.38932276 0.41471335 
20.924089 0.38939822 0.41473311 
20.930513 0.38947386 0.41475275 
20.936993 0.38955033 0.41477248 
20.94347 0.38962698 0.41479212 
20.949947 0.38970387 0.41481167 
20.956425 0.38978097 0.41483116 
20.962952 0.38985884 0.41485068 
20.969481 0.38993695 0.41487011 
20.976007 0.39001527 0.41488948 
20.982534 0.3900938 0.41490874 
20.989109 0.39017308 0.41492805 
20.995682 0.39025256 0.4149473 
21.002256 0.39033228 0.41496643 
21.008829 0.39041221 0.41498548 
21.015453 0.39049295 0.41500458 
21.022076 0.39057389 0.41502357 
21.0287 0.39065507 0.41504249 
21.035324 0.39073643 0.41506132 
21.041994 0.39081863 0.41508019 
21.048664 0.390901 0.41509894 
21.055334 0.39098361 0.41511762 
21.062004 0.39106643 0.41513622 
21.068762 0.39115056 0.41515493 
21.07552 0.3912349 0.41517359 
21.082277 0.39131948 0.41519213 
21.089035 0.3914043 0.41521057 
21.095854 0.39149007 0.41522908 
21.102671 0.39157605 0.4152475 
21.109489 0.39166227 0.4152658 
21.116306 0.39174873 0.41528401 
21.123209 0.39183646 0.41530237 
21.130112 0.39192444 0.41532061 
21.137012 0.39201266 0.41533872 
21.143915 0.39210108 0.41535679 
21.150928 0.39219117 0.41537499 
21.15794 0.39228147 0.41539311 
21.164953 0.39237204 0.41541114 
21.171965 0.39246282 0.41542903 
21.179098 0.39255542 0.41544715 
21.186232 0.39264825 0.41546515 
21.193365 0.39274132 0.41548303 
21.200499 0.39283466 0.41550082 
21.207745 0.3929297 0.41551876 
21.214991 0.39302501 0.41553661 
21.222239 0.39312059 0.41555434 
21.229485 0.39321637 0.41557196 
21.236919 0.39331493 0.4155899 
21.244354 0.39341375 0.41560775 
21.251787 0.39351282 0.41562545 
21.259222 0.39361215 0.41564307 
21.266878 0.39371473 0.41566107 
21.274534 0.39381754 0.41567892 
21.28219 0.39392066 0.41569668 
21.289846 0.39402407 0.41571429 
21.297815 0.39413199 0.41573247 
21.305786 0.3942402 0.41575056 
21.313755 0.39434874 0.41576847 
21.321726 0.39445755 0.41578627 
21.330357 0.39457574 0.41580537 
21.338989 0.39469427 0.41582432 
21.34762 0.39481315 0.4158431 
21.356251 0.39493239 0.41586173 
21.365732 0.39506376 0.41588199 
21.375214 0.39519551 0.41590208 
21.384695 0.39532772 0.41592196 
21.394176 0.39546034 0.41594163 
21.402618 0.39557874 0.41595897 
21.41106 0.3956975 0.4159762 
21.419502 0.39581656 0.41599321 
21.427944 0.39593595 0.41601011 
21.435928 0.3960492 0.41602594 
21.443914 0.39616272 0.41604161 
21.451899 0.39627656 0.41605717 
21.459883 0.39639065 0.41607258 
21.467617 0.39650142 0.41608736 
21.475349 0.3966125 0.41610202 
21.483082 0.39672381 0.41611654 
21.490814 0.39683539 0.41613093 
21.498344 0.39694431 0.41614482 
21.505877 0.39705351 0.41615859 
21.513407 0.39716294 0.41617221 
21.520937 0.39727265 0.41618571 
21.528364 0.39738107 0.41619891 
21.535793 0.39748976 0.41621199 
21.543221 0.39759868 0.41622496 
21.550648 0.39770788 0.4162378 
21.557987 0.397816 0.41625035 
21.565329 0.39792436 0.41626281 
21.572668 0.39803296 0.41627511 
21.580008 0.3981418 0.41628733 
21.587326 0.39825058 0.41629937 
21.594646 0.39835957 0.41631129 
21.601965 0.39846879 0.4163231 
21.609283 0.39857829 0.41633481 
21.616539 0.39868701 0.41634625 
21.623795 0.39879596 0.41635761 
21.631048 0.39890516 0.41636884 
21.638304 0.39901459 0.41637996 
21.645531 0.39912382 0.41639093 
21.652758 0.39923328 0.41640177 
21.659986 0.39934295 0.4164125 
21.667213 0.39945287 0.41642308 
21.674456 0.39956325 0.4164336 
21.6817 0.39967382 0.416444 
21.688942 0.39978462 0.41645429 
21.696184 0.39989567 0.41646445 
21.703329 0.4000054 0.41647434 
21.710472 0.40011537 0.41648415 
21.717617 0.40022552 0.4164938 
21.724762 0.40033591 0.41650337 
21.73193 0.40044689 0.41651285 
21.739098 0.40055808 0.4165222 
21.746265 0.40066946 0.41653147 
21.753433 0.4007811 0.41654059 
21.760571 0.40089244 0.41654956 
21.767708 0.40100399 0.41655844 
21.774847 0.40111578 0.41656718 
21.781984 0.40122774 0.41657582 
21.78919 0.40134102 0.41658443 
21.796398 0.40145451 0.41659293 
21.803604 0.40156823 0.41660127 
21.81081 0.40168214 0.41660953 
21.818077 0.40179721 0.41661772 
21.825342 0.40191248 0.41662583 
21.832607 0.40202796 0.41663378 
21.839874 0.40214366 0.41664162 
21.847261 0.4022615 0.41664949 
21.854647 0.40237957 0.41665721 
21.862034 0.40249786 0.41666481 
21.869421 0.40261635 0.41667229 
21.877247 0.40274215 0.4166801 
21.885073 0.40286815 0.41668776 
21.892899 0.40299442 0.41669527 
21.900724 0.40312093 0.41670266 
21.908434 0.40324578 0.41670978 
21.916143 0.40337086 0.41671678 
21.923853 0.40349618 0.41672364 
21.931562 0.40362173 0.41673037 
21.939398 0.40374959 0.41673708 
21.947233 0.40387768 0.41674364 
21.95507 0.40400597 0.41675007 
21.962906 0.40413454 0.41675636 
21.970407 0.4042578 0.41676226 
21.977907 0.4043813 0.41676801 
21.985409 0.40450501 0.41677365 
21.99291 0.40462893 0.41677916 
21.999992 0.40474612 0.41678426 
22.007076 0.40486351 0.41678923 
22.014158 0.40498108 0.41679409 
22.021242 0.40509886 0.41679883 
22.028282 0.40521607 0.41680345 
22.03532 0.40533349 0.41680795 
22.04236 0.40545109 0.41681233 
22.0494 0.40556887 0.41681659 
22.056311 0.40568465 0.41682068 
22.063221 0.40580058 0.41682464 
22.070129 0.40591669 0.41682851 
22.07704 0.40603301 0.41683227 
22.083727 0.40614572 0.41683581 
22.090416 0.40625861 0.41683924 
22.097103 0.40637165 0.41684258 
22.103792 0.40648487 0.4168458 
22.110378 0.40659651 0.4168489 
22.116962 0.4067083 0.41685188 
22.123549 0.40682021 0.41685477 
22.130135 0.40693232 0.41685757 
22.136776 0.40704551 0.41686028 
22.143419 0.40715885 0.41686291 
22.150061 0.40727237 0.41686544 
22.156702 0.40738603 0.41686785 
22.163139 0.40749633 0.41687009 
22.169577 0.40760678 0.41687226 
22.176014 0.40771735 0.41687432 
22.182451 0.40782809 0.41687629 
22.188856 0.40793839 0.41687816 
22.195261 0.40804881 0.41687992 
22.201666 0.4081594 0.41688162 
22.208071 0.40827012 0.4168832 
22.214256 0.4083772 0.41688466 
22.220444 0.4084844 0.41688603 
22.226629 0.40859172 0.41688731 
22.232817 0.40869918 0.41688851 
22.2391 0.40880844 0.41688961 
22.245382 0.40891784 0.41689065 
22.251667 0.40902737 0.4168916 
22.25795 0.40913704 0.41689247 
22.264193 0.40924612 0.41689321 
22.270437 0.40935531 0.4168939 
22.27668 0.40946466 0.4168945 
22.282923 0.40957409 0.416895 
22.289108 0.40968266 0.41689539 
22.295292 0.40979132 0.41689572 
22.301477 0.40990013 0.41689596 
22.307663 0.41000903 0.41689613 
22.313763 0.41011658 0.41689619 
22.319862 0.41022423 0.41689619 
22.325962 0.41033199 0.41689608 
22.332062 0.41043988 0.4168959 
22.338083 0.41054648 0.41689566 
22.344105 0.4106532 0.4168953 
22.350128 0.41076005 0.41689488 
22.35615 0.41086701 0.41689438 
22.362188 0.41097438 0.41689381 
22.368229 0.41108185 0.41689312 
22.374269 0.41118947 0.41689238 
22.380308 0.41129717 0.41689157 
22.386337 0.41140476 0.41689065 
22.392366 0.41151249 0.41688967 
22.398394 0.41162032 0.41688859 
22.404423 0.41172823 0.41688746 
22.410368 0.41183481 0.41688624 
22.416315 0.41194147 0.41688496 
22.42226 0.41204822 0.41688359 
22.428207 0.41215509 0.41688213 
22.434107 0.41226122 0.41688064 
22.440006 0.41236743 0.41687903 
22.445906 0.41247374 0.41687736 
22.451805 0.41258016 0.41687563 
22.457695 0.41268653 0.41687381 
22.463585 0.41279298 0.41687191 
22.469477 0.41289955 0.41686994 
22.475367 0.41300619 0.41686788 
22.481243 0.41311267 0.41686577 
22.48712 0.41321924 0.41686359 
22.492994 0.41332591 0.4168613 
22.498871 0.41343266 0.41685897 
22.504774 0.41354001 0.41685653 
22.510675 0.41364744 0.41685402 
22.516579 0.41375497 0.41685143 
22.522482 0.41386259 0.41684875 
22.528263 0.41396809 0.41684607 
22.534046 0.41407371 0.41684332 
22.539829 0.41417941 0.41684049 
22.54561 0.41428518 0.41683757 
22.551434 0.41439179 0.41683459 
22.557257 0.41449848 0.41683152 
22.563078 0.41460523 0.41682836 
22.568901 0.4147121 0.41682515 
22.57468 0.41481826 0.41682187 
22.58046 0.41492447 0.41681853 
22.586239 0.41503078 0.4168151 
22.592016 0.41513717 0.41681162 
22.597775 0.41524327 0.41680807 
22.603531 0.41534942 0.41680446 
22.609289 0.41545567 0.41680077 
22.615046 0.41556197 0.41679701 
22.620789 0.41566813 0.41679317 
22.626532 0.41577435 0.41678926 
22.632275 0.41588065 0.4167853 
22.638018 0.41598704 0.41678125 
22.643734 0.41609296 0.41677716 
22.649448 0.416199 0.41677299 
22.655165 0.41630509 0.41676876 
22.660879 0.41641125 0.41676447 
22.666578 0.4165172 0.41676009 
22.672277 0.4166232 0.41675568 
22.677977 0.4167293 0.41675115 
22.683676 0.41683546 0.41674659 
22.689384 0.41694188 0.41674194 
22.695093 0.41704839 0.4167372 
22.700802 0.41715497 0.41673243 
22.706511 0.4172616 0.41672754 
22.712219 0.41736829 0.41672263 
22.717926 0.41747507 0.41671762 
22.723635 0.41758192 0.41671255 
22.729343 0.41768882 0.4167074 
22.734972 0.41779432 0.41670227 
22.740602 0.41789991 0.41669706 
22.746233 0.41800559 0.41669178 
22.751863 0.41811129 0.41668645 
22.757496 0.41821712 0.41668102 
22.763128 0.41832304 0.41667554 
22.768761 0.41842899 0.41666999 
22.774393 0.41853502 0.41666439 
22.780035 0.41864127 0.4166587 
22.785675 0.4187476 0.41665292 
22.791317 0.41885397 0.41664711 
22.796957 0.41896042 0.41664121 
22.80261 0.41906714 0.41663522 
22.808262 0.4191739 0.4166292 
22.813913 0.41928074 0.41662309 
22.819565 0.41938764 0.41661689 
22.825186 0.419494 0.41661069 
22.830807 0.41960043 0.4166044 
22.836426 0.41970691 0.41659805 
22.842047 0.41981345 0.41659164 
22.84767 0.41992012 0.41658518 
22.853294 0.42002687 0.41657862 
22.858919 0.42013365 0.416572 
22.864542 0.42024049 0.41656533 
22.870193 0.4203479 0.41655853 
22.875845 0.4204554 0.41655171 
22.881496 0.42056292 0.4165448 
22.887148 0.42067054 0.41653779 
22.892759 0.42077744 0.41653079 
22.898373 0.4208844 0.41652372 
22.903984 0.42099142 0.4165166 
22.909597 0.42109847 0.41650942 
22.915155 0.42120457 0.41650221 
22.920713 0.42131072 0.41649497 
22.926271 0.42141691 0.41648763 
22.931829 0.42152315 0.41648024 
22.937389 0.42162946 0.41647279 
22.942949 0.42173585 0.41646528 
22.948507 0.42184228 0.41645771 
22.954067 0.42194873 0.41645005 
22.959656 0.42205578 0.4164423 
22.965242 0.42216289 0.4164345 
22.970829 0.42227003 0.41642663 
22.976416 0.42237723 0.4164187 
22.982021 0.42248479 0.41641065 
22.987625 0.42259243 0.41640258 
22.993231 0.42270011 0.41639441 
22.998835 0.42280781 0.41638619 
23.004395 0.42291471 0.41637796 
23.009953 0.42302164 0.41636968 
23.015511 0.4231286 0.41636133 
23.02107 0.42323563 0.41635293 
23.02663 0.4233427 0.41634446 
23.03219 0.42344984 0.41633591 
23.03775 0.42355701 0.41632733 
23.04331 0.42366421 0.41631866 
23.048885 0.42377177 0.41630989 
23.054462 0.42387938 0.4163011 
23.060038 0.42398703 0.41629222 
23.065613 0.42409471 0.41628328 
23.071198 0.42420262 0.41627425 
23.076782 0.42431056 0.41626516 
23.082369 0.42441854 0.41625604 
23.087954 0.42452657 0.41624683 
23.093546 0.42463478 0.41623753 
23.09914 0.42474306 0.41622818 
23.104734 0.42485139 0.41621876 
23.110329 0.42495972 0.41620931 
23.115911 0.4250679 0.41619977 
23.121494 0.42517611 0.41619021 
23.127077 0.42528436 0.41618055 
23.13266 0.42539263 0.41617084 
23.138178 0.42549968 0.41616118 
23.143696 0.42560676 0.41615146 
23.149212 0.4257139 0.41614169 
23.15473 0.42582104 0.41613185 
23.160358 0.42593035 0.41612178 
23.165985 0.4260397 0.41611162 
23.171612 0.42614907 0.4161014 
23.177238 0.42625847 0.41609111 
23.18277 0.42636606 0.41608095 
23.188301 0.42647368 0.4160707 
23.193832 0.42658132 0.41606042 
23.199366 0.426689 0.41605008 
23.204948 0.42679772 0.41603956 
23.210531 0.42690644 0.41602898 
23.216114 0.42701522 0.41601837 
23.221697 0.42712399 0.41600767 
23.227306 0.42723337 0.41599685 
23.232918 0.42734274 0.415986 
23.238527 0.42745215 0.41597506 
23.244137 0.42756158 0.41596407 
23.249702 0.42767018 0.4159531 
23.255268 0.42777878 0.41594207 
23.260834 0.42788744 0.41593099 
23.266399 0.4279961 0.41591984 
23.271969 0.42810485 0.41590863 
23.277536 0.42821363 0.41589737 
23.283106 0.42832243 0.41588604 
23.288673 0.42843127 0.41587466 
23.29426 0.42854047 0.41586316 
23.299849 0.42864972 0.41585159 
23.305435 0.42875898 0.41584 
23.311022 0.42886823 0.41582832 
23.316603 0.4289774 0.41581661 
23.322182 0.4290866 0.41580483 
23.327763 0.42919579 0.415793 
23.333342 0.42930502 0.41578111 
23.338942 0.42941463 0.4157691 
23.344542 0.42952427 0.41575706 
23.35014 0.42963395 0.41574493 
23.35574 0.42974362 0.41573277 
23.361353 0.42985362 0.41572049 
23.366968 0.42996362 0.41570815 
23.372581 0.43007362 0.41569579 
23.378197 0.43018368 0.41568333 
23.383841 0.43029433 0.41567075 
23.389486 0.43040499 0.41565812 
23.39513 0.43051568 0.41564542 
23.400774 0.43062636 0.41563267 
23.406385 0.43073642 0.41561994 
23.411997 0.43084648 0.41560712 
23.417606 0.43095657 0.41559428 
23.423218 0.43106666 0.41558138 
23.428856 0.43117732 0.41556832 
23.434494 0.43128797 0.41555524 
23.440132 0.43139863 0.41554207 
23.445772 0.43150932 0.41552886 
23.451422 0.43162024 0.41551554 
23.457071 0.43173116 0.41550219 
23.462721 0.43184212 0.41548878 
23.46837 0.43195307 0.41547531 
23.474018 0.432064 0.41546175 
23.479668 0.43217495 0.41544816 
23.485315 0.4322859 0.41543451 
23.490965 0.43239686 0.4154208 
23.496634 0.43250826 0.41540697 
23.502304 0.43261966 0.41539308 
23.507975 0.43273106 0.41537917 
23.513643 0.43284246 0.41536516 
23.51932 0.43295401 0.41535106 
23.524996 0.43306556 0.41533694 
23.530672 0.43317711 0.41532275 
23.536348 0.43328869 0.41530851 
23.542023 0.43340018 0.4152942 
23.547695 0.43351167 0.41527984 
23.553368 0.43362319 0.41526544 
23.55904 0.43373469 0.41525096 
23.564737 0.43384665 0.41523635 
23.570433 0.43395865 0.41522172 
23.576128 0.43407062 0.415207 
23.581825 0.43418258 0.41519222 
23.587555 0.43429521 0.41517732 
23.593285 0.43440786 0.41516235 
23.599014 0.43452048 0.4151473 
23.604744 0.43463311 0.41513222 
23.61046 0.43474549 0.41511711 
23.616177 0.43485788 0.41510195 
23.621893 0.43497026 0.41508672 
23.627609 0.43508264 0.41507143 
23.633324 0.43519494 0.41505608 
23.639038 0.43530726 0.41504067 
23.644751 0.43541956 0.41502523 
23.650465 0.43553185 0.41500971 
23.656229 0.43564516 0.414994 
23.661993 0.43575847 0.41497824 
23.667757 0.43587175 0.41496244 
23.673521 0.43598503 0.41494656 
23.679287 0.43609831 0.41493061 
23.685051 0.43621159 0.41491461 
23.690815 0.43632486 0.41489854 
23.696581 0.43643811 0.41488245 
23.702362 0.43655172 0.41486621 
23.708143 0.4366653 0.41484994 
23.713924 0.43677884 0.41483361 
23.719707 0.43689242 0.41481721 
23.725533 0.43700683 0.41480064 
23.731359 0.43712124 0.41478401 
23.737185 0.43723565 0.41476732 
23.743011 0.43735003 0.41475055 
23.748823 0.43746418 0.4147338 
23.754637 0.43757829 0.41471696 
23.76045 0.4376924 0.41470006 
23.766264 0.43780649 0.41468313 
23.772093 0.4379209 0.41466609 
23.777924 0.43803531 0.41464895 
23.783754 0.43814969 0.41463178 
23.789583 0.43826407 0.41461456 
23.795443 0.43837899 0.41459721 
23.801302 0.43849391 0.41457978 
23.807161 0.4386088 0.41456228 
23.813021 0.43872368 0.41454476 
23.818892 0.43883875 0.41452712 
23.82476 0.43895379 0.41450945 
23.830631 0.43906882 0.41449168 
23.8365 0.43918386 0.41447389 
23.842405 0.43929952 0.41445592 
23.84831 0.43941522 0.41443789 
23.854216 0.43953085 0.4144198 
23.860121 0.43964648 0.41440168 
23.866066 0.43976289 0.41438335 
23.872013 0.4398793 0.41436496 
23.87796 0.43999571 0.41434652 
23.883907 0.44011205 0.41432801 
23.88986 0.44022852 0.41430944 
23.895813 0.44034493 0.41429079 
23.901766 0.44046134 0.4142721 
23.907719 0.44057775 0.41425335 
23.913694 0.44069457 0.41423446 
23.919672 0.44081134 0.41421553 
23.925648 0.44092813 0.41419652 
23.931623 0.44104487 0.41417748 
23.937647 0.4411625 0.4141582 
23.94367 0.44128007 0.41413888 
23.949692 0.44139764 0.41411951 
23.955715 0.44151518 0.41410008 
23.961746 0.44163287 0.41408056 
23.967777 0.44175053 0.41406098 
23.973808 0.44186813 0.41404134 
23.979841 0.44198573 0.41402164 
23.985926 0.44210434 0.4140017 
23.99201 0.44222292 0.41398171 
23.998096 0.44234145 0.41396165 
24.004181 0.44245997 0.41394156 
24.010267 0.44257846 0.41392139 
24.016352 0.4426969 0.41390118 
24.022438 0.44281533 0.41388088 
24.028522 0.44293371 0.41386056 
24.034637 0.44305259 0.41384006 
24.040751 0.44317147 0.41381949 
24.046864 0.44329029 0.4137989 
24.052979 0.44340909 0.41377825 
24.059158 0.4435291 0.41375729 
24.065338 0.44364911 0.41373628 
24.071518 0.44376907 0.41371521 
24.077698 0.44388899 0.41369408 
24.083885 0.44400904 0.41367289 
24.090073 0.44412902 0.41365162 
24.096262 0.444249 0.41363028 
24.102449 0.4443689 0.41360891 
24.1087 0.44448999 0.41358724 
24.11495 0.44461104 0.41356552 
24.121201 0.44473204 0.41354373 
24.127451 0.44485301 0.41352192 
24.133759 0.44497502 0.4134998 
24.140064 0.44509697 0.41347766 
24.146372 0.44521886 0.41345546 
24.152678 0.44534072 0.41343316 
24.158947 0.44546178 0.41341099 
24.165215 0.44558281 0.41338873 
24.171482 0.44570377 0.41336644 
24.17775 0.44582471 0.41334406 
24.184093 0.44594702 0.41332138 
24.190435 0.4460693 0.41329861 
24.196779 0.44619155 0.41327581 
24.203123 0.44631371 0.41325292 
24.209608 0.44643858 0.41322947 
24.216091 0.44656336 0.41320598 
24.222576 0.44668812 0.41318241 
24.229061 0.44681281 0.41315877 
24.235483 0.44693622 0.41313532 
24.241905 0.44705957 0.41311181 
24.248327 0.44718289 0.41308823 
24.254747 0.44730616 0.4130646 
24.261255 0.44743097 0.41304058 
24.267761 0.44755572 0.41301653 
24.274267 0.44768041 0.41299239 
24.280773 0.44780508 0.41296819 
24.287357 0.44793114 0.41294366 
24.293941 0.44805714 0.41291907 
24.300524 0.44818309 0.4128944 
24.307108 0.44830894 0.41286969 
24.313734 0.4484356 0.41284475 
24.32036 0.44856218 0.41281974 
24.326988 0.44868866 0.41279468 
24.333614 0.44881511 0.41276956 
24.340351 0.44894359 0.41274393 
24.347088 0.44907197 0.41271827 
24.353823 0.4492003 0.41269255 
24.360559 0.44932857 0.41266674 
24.367298 0.44945678 0.41264087 
24.374035 0.4495849 0.41261497 
24.380772 0.44971296 0.41258898 
24.387508 0.44984096 0.41256294 
24.394365 0.44997114 0.41253635 
24.401222 0.45010126 0.41250971 
24.408079 0.45023128 0.41248304 
24.414934 0.45036125 0.41245627 
24.421844 0.45049211 0.41242924 
24.428753 0.45062289 0.41240215 
24.435661 0.4507536 0.41237497 
24.44257 0.45088422 0.41234776 
24.449562 0.45101637 0.41232017 
24.456554 0.45114839 0.41229248 
24.463545 0.45128036 0.41226473 
24.470537 0.45141223 0.41223693 
24.477709 0.45154738 0.41220835 
24.484879 0.45168245 0.41217971 
24.49205 0.45181742 0.41215098 
24.49922 0.45195231 0.41212219 
24.506454 0.4520883 0.41209307 
24.513689 0.45222417 0.4120639 
24.520924 0.45235997 0.41203466 
24.528156 0.45249566 0.41200536 
24.53557 0.45263463 0.41197526 
24.542982 0.45277348 0.41194507 
24.550396 0.45291224 0.41191483 
24.557808 0.45305091 0.41188452 
24.56538 0.45319241 0.41185349 
24.57295 0.45333382 0.41182238 
24.580523 0.45347512 0.41179121 
24.588093 0.45361629 0.41175997 
24.595984 0.45376331 0.41172731 
24.603872 0.4539102 0.41169462 
24.611761 0.45405698 0.4116618 
24.619652 0.45420361 0.41162893 
24.62792 0.45435718 0.41159439 
24.636189 0.4545106 0.41155979 
24.644457 0.4546639 0.4115251 
24.652725 0.45481706 0.41149032 
24.661236 0.45497453 0.41145444 
24.669744 0.45513186 0.41141847 
24.678253 0.45528904 0.41138241 
24.686764 0.45544606 0.41134626 
24.696054 0.45561737 0.41130668 
24.705345 0.45578849 0.41126701 
24.714638 0.45595941 0.41122726 
24.723928 0.45613018 0.41118738 
24.732498 0.4562875 0.41115052 
24.741068 0.45644468 0.41111359 
24.749638 0.45660171 0.41107655 
24.758205 0.45675859 0.41103941 
24.766329 0.45690712 0.41100416 
24.774452 0.45705554 0.41096881 
24.782576 0.45720381 0.41093341 
24.790699 0.45735195 0.41089791 
24.798594 0.45749575 0.41086334 
24.806488 0.45763943 0.41082871 
24.814383 0.45778298 0.41079399 
24.822277 0.45792639 0.41075924 
24.83016 0.45806944 0.41072443 
24.838043 0.45821238 0.41068956 
24.845928 0.45835519 0.41065463 
24.853811 0.45849782 0.41061962 
24.861403 0.45863506 0.41058585 
24.868994 0.45877215 0.41055202 
24.876583 0.45890909 0.41051811 
24.884174 0.45904592 0.41048416 
24.891808 0.45918339 0.41044995 
24.899443 0.45932075 0.41041565 
24.907076 0.45945793 0.41038132 
24.914711 0.45959502 0.41034693 
24.922249 0.45973024 0.41031289 
24.929789 0.45986536 0.41027877 
24.937328 0.46000031 0.41024461 
24.944868 0.46013516 0.4102104 
24.952259 0.46026722 0.41017678 
24.959652 0.46039918 0.41014311 
24.967045 0.460531 0.41010937 
24.974438 0.46066269 0.4100756 
24.981747 0.46079275 0.41004214 
24.989054 0.46092269 0.41000864 
24.996363 0.46105248 0.40997505 
25.00367 0.46118215 0.40994143 
25.011002 0.46131212 0.40990767 
25.018335 0.46144196 0.40987381 
25.025667 0.46157166 0.40983993 
25.032999 0.46170124 0.40980595 
25.04035 0.461831 0.40977189 
25.047701 0.46196061 0.40973774 
25.05505 0.4620901 0.40970352 
25.062401 0.46221948 0.40966928 
25.069681 0.46234748 0.40963531 
25.076963 0.46247536 0.40960127 
25.084244 0.46260309 0.40956718 
25.091526 0.46273071 0.40953305 
25.098761 0.4628574 0.40949905 
25.105997 0.46298397 0.40946504 
25.113234 0.46311036 0.40943095 
25.12047 0.46323666 0.40939683 
25.127699 0.46336272 0.40936267 
25.13493 0.46348864 0.40932846 
25.14216 0.46361443 0.40929419 
25.149391 0.46374011 0.40925989 
25.156622 0.46386561 0.40922552 
25.163853 0.46399099 0.40919113 
25.171082 0.46411625 0.40915668 
25.178312 0.46424136 0.40912217 
25.185539 0.46436626 0.40908766 
25.192766 0.46449104 0.40905306 
25.199993 0.4646157 0.40901843 
25.207218 0.46474019 0.40898374 
25.214439 0.46486446 0.40894905 
25.221661 0.46498859 0.4089143 
25.22888 0.46511257 0.40887952 
25.236101 0.46523643 0.40884468 
25.243315 0.46536002 0.40880981 
25.25053 0.46548349 0.40877491 
25.257744 0.46560681 0.40873995 
25.264957 0.46572998 0.40870497 
25.272129 0.46585232 0.40867013 
25.279301 0.46597448 0.40863523 
25.286472 0.46609652 0.4086003 
25.293644 0.46621844 0.40856531 
25.300817 0.46634024 0.40853029 
25.307991 0.4664619 0.40849522 
25.315165 0.46658343 0.40846011 
25.322338 0.46670482 0.40842494 
25.329523 0.46682623 0.40838966 
25.336708 0.46694753 0.40835437 
25.343893 0.46706867 0.408319 
25.351078 0.46718967 0.40828362 
25.358274 0.46731073 0.40824813 
25.365469 0.46743163 0.40821257 
25.372665 0.46755236 0.40817702 
25.37986 0.467673 0.40814137 
25.387062 0.46779355 0.4081057 
25.394262 0.46791396 0.40806994 
25.401463 0.46803424 0.40803418 
25.408665 0.46815437 0.40799835 
25.415867 0.46827438 0.40796247 
25.423069 0.46839422 0.40792656 
25.430271 0.46851397 0.40789062 
25.437473 0.46863353 0.40785462 
25.44466 0.46875268 0.40781865 
25.451847 0.46887168 0.40778264 
25.459032 0.46899056 0.40774661 
25.466219 0.46910927 0.40771052 
25.473392 0.46922764 0.40767446 
25.480568 0.4693459 0.40763834 
25.487743 0.46946397 0.40760219 
25.494917 0.46958193 0.40756601 
25.502214 0.46970174 0.40752915 
25.509514 0.46982142 0.40749225 
25.516811 0.46994093 0.40745533 
25.524109 0.47006029 0.40741834 
25.531319 0.47017804 0.4073818 
25.538527 0.47029564 0.40734518 
25.545734 0.47041309 0.40730855 
25.552942 0.47053036 0.40727186 
25.56019 0.47064814 0.40723497 
25.567436 0.47076577 0.40719801 
25.574684 0.47088322 0.407161 
25.58193 0.47100055 0.40712398 
25.589209 0.47111821 0.40708673 
25.596487 0.47123569 0.40704948 
25.603764 0.47135305 0.40701216 
25.611042 0.47147027 0.40697482 
25.618351 0.47158781 0.40693727 
25.625662 0.4717052 0.40689969 
25.632971 0.47182244 0.40686205 
25.64028 0.4719395 0.40682441 
25.64764 0.47205725 0.40678644 
25.655001 0.47217482 0.40674844 
25.662359 0.47229221 0.40671039 
25.66972 0.47240946 0.40667233 
25.676989 0.47252512 0.40663469 
25.684258 0.4726406 0.40659699 
25.691526 0.47275591 0.40655929 
25.698795 0.47287109 0.40652153 
25.706139 0.47298726 0.40648335 
25.71348 0.47310328 0.40644515 
25.720823 0.47321913 0.40640691 
25.728167 0.47333482 0.40636864 
25.735542 0.4734509 0.40633014 
25.74292 0.4735668 0.4062916 
25.750298 0.47368255 0.40625304 
25.757673 0.47379813 0.40621442 
25.765121 0.47391462 0.40617543 
25.772568 0.47403097 0.40613636 
25.780014 0.47414714 0.40609729 
25.787462 0.47426316 0.40605819 
25.794939 0.47437948 0.40601885 
25.802418 0.47449565 0.40597951 
25.809896 0.47461164 0.40594012 
25.817375 0.47472745 0.40590069 
25.824825 0.47484267 0.40586138 
25.832273 0.47495767 0.40582204 
25.839724 0.47507256 0.40578267 
25.847172 0.47518724 0.40574327 
25.854614 0.47530165 0.40570384 
25.862057 0.47541592 0.40566441 
25.869499 0.47553 0.40562493 
25.876942 0.4756439 0.40558541 
25.88447 0.47575897 0.40554541 
25.892 0.47587386 0.40550536 
25.89953 0.47598857 0.4054653 
25.907059 0.4761031 0.40542519 
25.914661 0.47621858 0.40538466 
25.922264 0.47633389 0.4053441 
25.929867 0.47644901 0.40530348 
25.937469 0.47656396 0.40526286 
25.945005 0.47667772 0.40522254 
25.952541 0.47679132 0.40518218 
25.960077 0.47690472 0.40514183 
25.967613 0.47701797 0.40510142 
25.975212 0.47713196 0.40506062 
25.982811 0.47724578 0.40501982 
25.99041 0.47735941 0.40497899 
25.998009 0.47747287 0.4049381 
26.005774 0.47758862 0.40489629 
26.01354 0.47770423 0.40485445 
26.021307 0.47781962 0.40481257 
26.029074 0.47793484 0.40477067 
26.036797 0.47804922 0.40472895 
26.044521 0.47816342 0.4046872 
26.052246 0.47827744 0.40464541 
26.059969 0.47839129 0.4046036 
26.067814 0.47850668 0.40456113 
26.075657 0.4786219 0.4045186 
26.0835 0.47873691 0.40447605 
26.091343 0.47885174 0.40443346 
26.099178 0.47896624 0.4043909 
26.107012 0.47908053 0.40434828 
26.114847 0.47919464 0.40430567 
26.122681 0.47930855 0.40426299 
26.130699 0.47942492 0.4042193 
26.138716 0.47954109 0.40417558 
26.146732 0.47965705 0.40413183 
26.154751 0.47977281 0.40408805 
26.162619 0.4798862 0.40404505 
26.170485 0.47999939 0.40400201 
26.178352 0.4801124 0.40395898 
26.186218 0.48022521 0.40391588 
26.194372 0.48034191 0.40387118 
26.202526 0.48045841 0.40382648 
26.21068 0.48057467 0.40378171 
26.218834 0.48069075 0.40373695 
26.226799 0.48080394 0.40369317 
26.234764 0.48091692 0.40364936 
26.242729 0.48102969 0.40360552 
26.250694 0.48114225 0.40356165 
26.258989 0.48125929 0.40351593 
26.267284 0.48137608 0.40347019 
26.275579 0.48149267 0.40342444 
26.283875 0.48160902 0.40337864 
26.292244 0.48172617 0.40333238 
26.300611 0.48184311 0.40328613 
26.308981 0.48195982 0.40323982 
26.317348 0.48207632 0.40319347 
26.326199 0.48219928 0.40314445 
26.335051 0.48232198 0.40309539 
26.343901 0.48244444 0.40304628 
26.352751 0.48256662 0.40299717 
26.361128 0.48268205 0.40295061 
26.369505 0.48279724 0.40290406 
26.37788 0.48291221 0.40285748 
26.386257 0.48302695 0.40281087 
26.394806 0.48314381 0.40276328 
26.403353 0.48326042 0.40271565 
26.411901 0.4833768 0.402668 
26.42045 0.48349297 0.40262029 
26.429565 0.48361656 0.40256941 
26.438683 0.48373991 0.40251848 
26.4478 0.483863 0.40246755 
26.456917 0.48398578 0.40241656 
26.466492 0.48411447 0.40236297 
26.476067 0.48424286 0.40230936 
26.485641 0.48437098 0.40225571 
26.495216 0.48449877 0.40220201 
26.50445 0.4846217 0.40215021 
26.513683 0.4847444 0.40209839 
26.522917 0.4848668 0.40204653 
26.53215 0.4849889 0.40199465 
26.540638 0.4851009 0.40194693 
26.549124 0.48521265 0.40189919 
26.55761 0.48532417 0.40185142 
26.566095 0.48543546 0.40180364 
26.576786 0.48557532 0.40174341 
26.587477 0.48571479 0.40168312 
26.598167 0.48585391 0.4016228 
26.608856 0.48599264 0.40156245 
26.617262 0.48610148 0.40151498 
26.625668 0.48621005 0.40146747 
26.634073 0.48631841 0.40141997 
26.642479 0.48642653 0.40137243 
26.650925 0.48653498 0.40132463 
26.659372 0.48664317 0.4012768 
26.66782 0.48675114 0.40122893 
26.676268 0.48685887 0.40118107 
26.685148 0.48697188 0.40113074 
26.694027 0.4870846 0.40108037 
26.702908 0.4871971 0.40102997 
26.711788 0.48730931 0.40097958 
26.720398 0.48741788 0.40093067 
26.72901 0.48752621 0.40088174 
26.737619 0.4876343 0.4008328 
26.746231 0.48774216 0.40078384 
26.754444 0.48784479 0.40073711 
26.762659 0.48794723 0.40069035 
26.770874 0.48804942 0.40064359 
26.779087 0.4881514 0.4005968 
26.787481 0.48825541 0.40054896 
26.795876 0.48835915 0.40050113 
26.80427 0.48846269 0.40045327 
26.812664 0.48856598 0.40040538 
26.821075 0.48866925 0.4003574 
26.829485 0.48877227 0.40030938 
26.837896 0.48887506 0.40026134 
26.846306 0.48897761 0.4002133 
26.854696 0.48907968 0.40016535 
26.863087 0.48918155 0.4001174 
26.871477 0.48928317 0.40006942 
26.879868 0.48938456 0.4000214 
26.888083 0.48948359 0.39997441 
26.896296 0.48958242 0.39992738 
26.90451 0.48968101 0.39988035 
26.912725 0.48977938 0.39983329 
26.920982 0.48987803 0.39978597 
26.929239 0.48997647 0.39973864 
26.937496 0.49007466 0.39969131 
26.945755 0.49017265 0.39964396 
26.953974 0.49026999 0.39959678 
26.962194 0.49036708 0.39954963 
26.970415 0.49046394 0.39950243 
26.978636 0.49056059 0.39945522 
26.986813 0.49065652 0.39940825 
26.994991 0.49075225 0.39936128 
27.003168 0.49084774 0.39931428 
27.011347 0.49094298 0.39926729 
27.01967 0.49103972 0.39921942 
27.027992 0.49113625 0.39917156 
27.036316 0.49123251 0.39912367 
27.04464 0.49132857 0.39907578 
27.052832 0.49142289 0.39902863 
27.061024 0.49151698 0.39898145 
27.069216 0.49161085 0.39893427 
27.077408 0.49170449 0.3988871 
27.08564 0.49179837 0.39883965 
27.09387 0.49189204 0.39879224 
27.102102 0.49198544 0.39874479 
27.110334 0.49207866 0.39869732 
27.118601 0.49217203 0.39864966 
27.126867 0.49226516 0.39860198 
27.135134 0.49235809 0.39855427 
27.1434 0.4924508 0.39850658 
27.151545 0.49254191 0.39845955 
27.159689 0.49263278 0.39841256 
27.167833 0.49272346 0.39836553 
27.175978 0.49281392 0.39831847 
27.1842 0.49290502 0.39827099 
27.192423 0.49299589 0.39822349 
27.200645 0.49308652 0.39817595 
27.208868 0.49317694 0.39812845 
27.217009 0.49326625 0.39808136 
27.225149 0.49335533 0.3980343 
27.23329 0.4934442 0.39798722 
27.24143 0.49353287 0.39794013 
27.249685 0.49362251 0.39789239 
27.257938 0.49371195 0.39784464 
27.266193 0.49380118 0.39779687 
27.274448 0.49389017 0.3977491 
27.282757 0.49397951 0.397701 
27.291065 0.49406862 0.39765289 
27.299374 0.49415752 0.39760476 
27.307684 0.49424618 0.39755666 
27.315941 0.49433407 0.39750883 
27.324198 0.49442172 0.397461 
27.332457 0.49450916 0.39741313 
27.340714 0.49459639 0.3973653 
27.348862 0.49468222 0.39731807 
27.35701 0.49476784 0.39727083 
27.365158 0.49485323 0.39722362 
27.373306 0.49493843 0.39717636 
27.381559 0.49502447 0.39712852 
27.389812 0.4951103 0.39708066 
27.398064 0.4951959 0.3970328 
27.406317 0.49528128 0.39698493 
27.414688 0.49536765 0.39693636 
27.423061 0.4954538 0.39688781 
27.431433 0.49553972 0.39683923 
27.439804 0.49562541 0.39679065 
27.448055 0.4957096 0.39674276 
27.456305 0.49579361 0.3966949 
27.464556 0.49587739 0.39664701 
27.472807 0.49596092 0.39659911 
27.481035 0.49604401 0.39655134 
27.489264 0.49612689 0.39650357 
27.497494 0.49620953 0.39645579 
27.505722 0.49629197 0.39640802 
27.513943 0.4963741 0.39636028 
27.522161 0.496456 0.39631253 
27.530382 0.49653769 0.39626479 
27.538603 0.49661914 0.39621705 
27.546925 0.49670136 0.39616874 
27.555246 0.49678338 0.3961204 
27.563568 0.49686515 0.39607206 
27.57189 0.49694669 0.39602372 
27.580275 0.49702865 0.39597499 
27.588661 0.49711037 0.39592627 
27.597048 0.49719185 0.39587757 
27.605433 0.49727309 0.39582884 
27.61377 0.49735364 0.39578038 
27.622108 0.49743396 0.39573196 
27.630445 0.49751407 0.3956835 
27.638783 0.49759394 0.39563507 
27.647123 0.4976736 0.39558661 
27.655464 0.49775305 0.39553812 
27.663805 0.49783227 0.39548966 
27.672148 0.49791127 0.3954412 
27.680502 0.49799016 0.39539266 
27.688854 0.49806881 0.39534411 
27.697208 0.49814722 0.39529556 
27.705563 0.49822542 0.39524701 
27.713905 0.49830329 0.39519852 
27.722248 0.49838093 0.39515007 
27.730591 0.49845833 0.39510158 
27.738934 0.49853548 0.39505312 
27.747353 0.49861315 0.39500418 
27.755772 0.49869055 0.39495528 
27.764191 0.49876773 0.39490634 
27.77261 0.49884468 0.39485744 
27.78104 0.49892154 0.39480844 
27.789471 0.49899814 0.39475948 
27.797903 0.49907449 0.39471048 
27.806334 0.49915063 0.39466149 
27.814816 0.49922699 0.39461222 
27.823298 0.4993031 0.39456296 
27.831779 0.49937898 0.3945137 
27.840261 0.49945465 0.39446443 
27.848728 0.49952993 0.39441523 
27.857197 0.499605 0.39436606 
27.865665 0.49967983 0.39431688 
27.874134 0.4997544 0.39426771 
27.882582 0.49982858 0.39421865 
27.891027 0.49990252 0.3941696 
27.899475 0.49997622 0.39412054 
27.907923 0.50004971 0.39407152 
27.916391 0.50012314 0.39402235 
27.92486 0.50019634 0.3939732 
27.933329 0.50026929 0.39392403 
27.941797 0.50034201 0.39387488 
27.950321 0.50041497 0.39382541 
27.958843 0.50048769 0.39377597 
27.967367 0.50056016 0.39372653 
27.975889 0.50063241 0.39367709 
