0 0.67648584 0.36031702 
0.027751997 0.67679125 0.36008862 
0.055503994 0.67709577 0.35986072 
0.083255991 0.6773994 0.35963333 
0.11100799 0.67770207 0.35940641 
0.13911104 0.6780076 0.35917714 
0.16721408 0.67831224 0.35894838 
0.19531712 0.67861593 0.35872012 
0.22342017 0.67891872 0.3584924 
0.25186273 0.67922419 0.35826242 
0.28030533 0.67952871 0.35803294 
0.30874789 0.67983228 0.357804 
0.33719045 0.68013495 0.3575756 
0.36600101 0.68044055 0.35734472 
0.39481154 0.68074512 0.3571144 
0.4236221 0.68104881 0.3568846 
0.45243263 0.68135148 0.35665533 
0.48161256 0.68165714 0.35642365 
0.51079249 0.68196172 0.3561925 
0.53997236 0.6822654 0.35596192 
0.5691523 0.68256807 0.35573184 
0.59873235 0.68287385 0.35549918 
0.62831241 0.68317866 0.35526705 
0.65789241 0.68348253 0.35503548 
0.68747246 0.68378532 0.35480446 
0.71746033 0.68409133 0.35457081 
0.74744821 0.68439633 0.35433772 
0.77743602 0.68470025 0.35410517 
0.80742389 0.68500322 0.35387322 
0.83786088 0.68530965 0.35363835 
0.86829787 0.685615 0.35340405 
0.89873487 0.6859194 0.35317034 
0.92917192 0.68622273 0.35293719 
0.96006805 0.68652958 0.3527011 
0.99096417 0.68683535 0.3524656 
1.0218604 0.68714005 0.3522307 
1.0527564 0.68744367 0.35199639 
1.0841484 0.68775111 0.3517589 
1.1155403 0.68805748 0.35152203 
1.1469321 0.68836272 0.35128576 
1.1783241 0.68866688 0.35105008 
1.2102536 0.68897516 0.35081097 
1.2421831 0.68928224 0.3505725 
1.2741126 0.68958831 0.35033464 
1.3060421 0.68989319 0.35009739 
1.3385518 0.69020247 0.34985647 
1.3710616 0.69051063 0.34961617 
1.4035712 0.69081759 0.34937653 
1.4360811 0.69112343 0.34913751 
1.4692465 0.69143426 0.34889433 
1.502412 0.69174385 0.3486518 
1.5355774 0.6920523 0.34840995 
1.568743 0.69235951 0.34816873 
1.6026369 0.69267231 0.34792289 
1.6365309 0.69298381 0.34767774 
1.6704248 0.69329405 0.34743327 
1.7043188 0.6936031 0.34718949 
1.7390517 0.69391853 0.34694034 
1.7737848 0.69423258 0.34669194 
1.8085178 0.69454539 0.34644422 
1.8432509 0.69485694 0.34619722 
1.8789858 0.69517606 0.34594384 
1.9147207 0.69549388 0.34569117 
1.9504555 0.69581026 0.34543929 
1.9861904 0.69612533 0.34518811 
2.0232437 0.69645059 0.34492847 
2.060297 0.69677436 0.34466961 
2.0973504 0.69709665 0.34441155 
2.1344037 0.6974175 0.3441543 
2.1733887 0.69775355 0.34388447 
2.2123737 0.69808793 0.3436155 
2.2513587 0.6984207 0.3433474 
2.2903435 0.69875187 0.34308019 
2.334096 0.69912159 0.34278131 
2.3778481 0.6994893 0.34248352 
2.4216003 0.69985503 0.34218684 
2.4653525 0.70021868 0.3418912 
2.5150278 0.70062912 0.34155688 
2.564703 0.70103693 0.34122393 
2.6143785 0.70144218 0.34089234 
2.6640537 0.70184481 0.34056213 
2.7051339 0.7021758 0.3402901 
2.7462144 0.70250499 0.34001899 
2.7872949 0.70283246 0.33974883 
2.8283751 0.70315808 0.3394796 
2.867496 0.70346653 0.33922407 
2.9066172 0.70377344 0.33896938 
2.9457381 0.70407867 0.33871552 
2.984859 0.70438224 0.3384625 
3.0228388 0.7046755 0.33821765 
3.0608187 0.7049672 0.33797356 
3.0987985 0.70525736 0.33773029 
3.1367784 0.70554602 0.33748779 
3.173938 0.70582694 0.33725128 
3.2110977 0.70610642 0.33701551 
3.2482572 0.70638442 0.33678049 
3.2854168 0.70666099 0.33654618 
3.3219421 0.70693141 0.33631662 
3.3584676 0.70720041 0.33608773 
3.3949931 0.70746797 0.3358596 
3.4315186 0.70773417 0.33563215 
3.467546 0.7079953 0.33540848 
3.5035734 0.70825511 0.3351855 
3.5396008 0.7085135 0.3349632 
3.5756283 0.70877051 0.33474159 
3.6112139 0.709023 0.33452338 
3.6467998 0.70927417 0.33430579 
3.6823854 0.70952398 0.33408889 
3.7179713 0.70977241 0.33387265 
3.7531807 0.71001691 0.33365932 
3.7883902 0.71026003 0.33344665 
3.8235996 0.71050191 0.33323461 
3.858809 0.71074241 0.33302322 
3.8936882 0.71097934 0.33281443 
3.9285674 0.71121496 0.33260629 
3.9634466 0.71144927 0.33239874 
3.9983261 0.71168226 0.33219182 
4.0328941 0.71191192 0.33198735 
4.0674624 0.7121402 0.3317835 
4.1020308 0.7123673 0.33158025 
4.1365991 0.71259302 0.3313776 
4.1708789 0.71281558 0.33117723 
4.2051587 0.71303689 0.33097747 
4.2394385 0.7132569 0.3307783 
4.2737184 0.71347564 0.3305797 
4.3077345 0.71369147 0.33038321 
4.3417511 0.71390599 0.33018732 
4.3757677 0.7141192 0.32999197 
4.4097843 0.71433121 0.32979721 
4.4435296 0.71454024 0.3296046 
4.4772749 0.71474802 0.32941252 
4.5110202 0.71495456 0.32922101 
4.544765 0.71515977 0.32903004 
4.5782614 0.71536225 0.32884106 
4.6117573 0.71556354 0.32865262 
4.6452537 0.71576351 0.32846472 
4.6787496 0.71596229 0.32827738 
4.7120094 0.71615839 0.32809189 
4.7452688 0.71635324 0.32790694 
4.7785287 0.71654683 0.32772255 
4.8117881 0.71673924 0.32753867 
4.8448272 0.71692908 0.32735655 
4.8778663 0.71711773 0.32717493 
4.9109054 0.71730512 0.32699385 
4.9439445 0.71749127 0.32681331 
4.9767385 0.71767479 0.32663462 
5.009532 0.71785712 0.32645643 
5.042326 0.7180382 0.32627875 
5.0751195 0.71821809 0.32610157 
5.1076756 0.71839541 0.32592621 
5.1402316 0.71857148 0.32575133 
5.1727877 0.71874636 0.32557696 
5.2053437 0.71892005 0.32540309 
5.2376752 0.7190913 0.32523093 
5.2700071 0.71926129 0.32505924 
5.3023391 0.71943015 0.32488802 
5.3346705 0.7195977 0.32471731 
5.3667927 0.71976298 0.32454818 
5.3989148 0.71992707 0.32437953 
5.4310369 0.72008991 0.32421136 
5.4631586 0.72025156 0.32404369 
5.4950452 0.72041076 0.32387769 
5.5269313 0.72056878 0.32371217 
5.5588174 0.7207256 0.32354712 
5.5907035 0.72088122 0.32338256 
5.6223445 0.72103441 0.32321969 
5.6539855 0.7211864 0.32305729 
5.6856265 0.7213372 0.32289535 
5.7172675 0.72148675 0.32273388 
5.7487016 0.72163415 0.3225739 
5.7801352 0.7217803 0.32241437 
5.8115692 0.72192532 0.32225528 
5.8430028 0.72206908 0.32209665 
5.8742175 0.72221065 0.32193956 
5.9054322 0.72235101 0.32178292 
5.9366465 0.72249013 0.32162669 
5.9678612 0.72262812 0.32147092 
5.9988222 0.72276372 0.32131684 
6.0297832 0.72289813 0.32116318 
6.0607438 0.7230314 0.32100996 
6.0917048 0.72316343 0.32085717 
6.1224551 0.7232933 0.32070583 
6.1532059 0.72342205 0.32055491 
6.1839566 0.7235496 0.32040441 
6.2147069 0.72367591 0.32025433 
6.2452297 0.72380012 0.32010576 
6.2757525 0.72392315 0.31995758 
6.3062749 0.72404492 0.31980985 
6.3367977 0.7241655 0.31966251 
6.3670807 0.72428399 0.31951675 
6.3973632 0.72440124 0.31937137 
6.4276462 0.72451729 0.31922638 
6.4579291 0.7246322 0.31908181 
6.4879851 0.72474498 0.3189387 
6.5180416 0.72485662 0.31879598 
6.5480976 0.724967 0.31865367 
6.5781541 0.72507626 0.31851172 
6.6079793 0.72518343 0.31837127 
6.6378045 0.72528946 0.3182312 
6.6676297 0.72539425 0.31809148 
6.6974549 0.72549784 0.31795219 
6.7270613 0.72559953 0.31781426 
6.7566671 0.72569996 0.31767672 
6.7862735 0.72579926 0.31753954 
6.8158798 0.72589731 0.31740275 
6.8452492 0.72599339 0.31726742 
6.8746185 0.72608829 0.31713244 
6.9039874 0.72618198 0.31699783 
6.9333568 0.72627449 0.3168636 
6.9625063 0.72636509 0.31673071 
6.9916553 0.72645456 0.31659818 
7.0208049 0.72654277 0.31646603 
7.0499544 0.72662979 0.31633422 
7.0788589 0.72671491 0.31620386 
7.1077633 0.72679883 0.31607386 
7.1366677 0.72688156 0.31594419 
7.1655726 0.7269631 0.31581491 
7.1942654 0.72704285 0.31568688 
7.2229586 0.72712135 0.31555921 
7.2516518 0.72719872 0.31543186 
7.280345 0.72727489 0.31530488 
7.3088136 0.72734922 0.3151792 
7.3372822 0.72742242 0.31505385 
7.3657513 0.72749436 0.31492886 
7.3942199 0.72756517 0.3148042 
7.4224515 0.72763413 0.31468087 
7.4506836 0.72770196 0.31455791 
7.4789152 0.72776854 0.31443527 
7.5071468 0.72783393 0.31431293 
7.5351658 0.72789764 0.31419185 
7.5631847 0.72796017 0.31407109 
7.5912037 0.72802144 0.31395063 
7.6192222 0.72808158 0.31383049 
7.6470246 0.72814006 0.31371161 
7.6748271 0.72819728 0.31359303 
7.7026296 0.72825336 0.31347477 
7.730432 0.7283082 0.31335682 
7.7580152 0.72836143 0.31324011 
7.7855983 0.7284134 0.3131237 
7.8131814 0.72846425 0.31300759 
7.8407645 0.72851384 0.31289178 
7.8681445 0.72856188 0.31277716 
7.895524 0.72860873 0.31266281 
7.9229035 0.72865438 0.31254876 
7.9502835 0.72869879 0.312435 
7.9774642 0.72874165 0.31232238 
8.0046444 0.72878337 0.31221002 
8.0318251 0.72882384 0.312098 
8.0590057 0.72886312 0.31198624 
8.0859652 0.72890085 0.31187567 
8.1129255 0.72893739 0.3117654 
8.1398849 0.72897267 0.31165543 
8.1668453 0.72900683 0.31154573 
8.1936026 0.72903943 0.31143713 
8.2203608 0.72907084 0.31132883 
8.2471189 0.72910106 0.31122079 
8.2738762 0.72913009 0.31111303 
8.3004313 0.72915763 0.3110064 
8.3269863 0.72918397 0.3109 
8.3535404 0.72920907 0.31079388 
8.3800955 0.72923297 0.31068805 
8.4064531 0.7292555 0.31058326 
8.4328117 0.72927678 0.31047878 
8.4591694 0.72929686 0.31037453 
8.485527 0.7293157 0.31027055 
8.511693 0.72933316 0.31016761 
8.537859 0.72934937 0.31006491 
8.5640249 0.72936445 0.30996248 
8.5901909 0.72937822 0.30986032 
8.6161575 0.72939068 0.3097592 
8.6421242 0.72940189 0.30965835 
8.6680918 0.7294119 0.30955774 
8.6940584 0.72942066 0.30945739 
8.7198477 0.72942811 0.309358 
8.7456379 0.72943437 0.30925885 
8.7714272 0.72943938 0.30915993 
8.7972174 0.72944313 0.30906129 
8.8228283 0.72944558 0.3089636 
8.8484392 0.72944683 0.30886611 
8.8740501 0.72944683 0.30876893 
8.8996611 0.72944564 0.30867195 
8.9250822 0.72944313 0.30857596 
8.9505033 0.72943938 0.3084802 
8.9759254 0.72943443 0.30838469 
9.0013466 0.72942817 0.30828941 
9.0265999 0.72942072 0.30819502 
9.0518532 0.72941208 0.30810088 
9.0771065 0.72940212 0.30800694 
9.1023598 0.72939086 0.30791327 
9.1274395 0.72937846 0.30782047 
9.1525192 0.72936481 0.30772793 
9.177598 0.72934991 0.30763561 
9.2026777 0.7293337 0.30754352 
9.2275858 0.72931635 0.30745229 
9.2524939 0.72929776 0.3073613 
9.2774019 0.72927785 0.30727056 
9.302309 0.72925669 0.30718002 
9.3270645 0.7292344 0.30709028 
9.35182 0.72921085 0.30700076 
9.3765755 0.729186 0.30691147 
9.4013309 0.72915983 0.30682242 
9.4259291 0.72913253 0.30673414 
9.4505262 0.72910404 0.30664611 
9.4751244 0.72907418 0.30655828 
9.4997225 0.72904307 0.30647069 
9.5241508 0.72901082 0.30638391 
9.5485802 0.72897732 0.30629736 
9.5730095 0.72894251 0.30621102 
9.5974379 0.72890645 0.30612493 
9.621727 0.72886926 0.30603951 
9.6460161 0.72883075 0.30595434 
9.6703053 0.72879094 0.30586937 
9.6945944 0.72874981 0.30578461 
9.7187481 0.72870761 0.30570057 
9.7429018 0.7286641 0.30561671 
9.7670555 0.72861922 0.30553308 
9.7912083 0.72857308 0.30544966 
9.8152199 0.72852588 0.30536696 
9.8392305 0.72847736 0.30528447 
9.8632412 0.72842747 0.30520216 
9.8872528 0.72837627 0.30512008 
9.9111261 0.728324 0.30503869 
9.9349995 0.72827041 0.30495748 
9.9588737 0.72821552 0.30487651 
9.9827471 0.72815925 0.30479574 
10.006496 0.72810191 0.30471557 
10.030246 0.72804326 0.30463564 
10.053996 0.72798318 0.30455589 
10.077745 0.72792178 0.30447635 
10.101381 0.72785938 0.3043974 
10.125016 0.72779554 0.30431867 
10.148652 0.72773033 0.30424014 
10.172288 0.72766376 0.30416179 
10.19581 0.72759616 0.30408403 
10.219332 0.72752714 0.30400646 
10.242853 0.72745675 0.30392909 
10.266375 0.72738498 0.30385193 
10.289788 0.72731215 0.30377534 
10.313202 0.72723794 0.30369893 
10.336616 0.7271623 0.30362272 
10.36003 0.72708529 0.3035467 
10.383348 0.72700715 0.30347121 
10.406665 0.72692764 0.3033959 
10.429983 0.72684664 0.3033208 
10.4533 0.72676426 0.30324587 
10.476531 0.72668082 0.30317146 
10.499761 0.72659588 0.30309722 
10.522991 0.72650951 0.30302316 
10.546222 0.72642171 0.30294931 
10.569369 0.72633278 0.30287591 
10.592516 0.72624242 0.30280271 
10.615664 0.72615057 0.3027297 
10.638811 0.72605729 0.30265689 
10.661892 0.72596276 0.30258447 
10.684972 0.72586679 0.30251226 
10.708053 0.72576934 0.30244023 
10.731133 0.72567046 0.3023684 
10.754148 0.72557032 0.30229694 
10.777163 0.7254687 0.30222571 
10.800177 0.72536558 0.30215463 
10.823192 0.72526091 0.30208376 
10.846156 0.725155 0.30201325 
10.869122 0.72504759 0.30194291 
10.892087 0.72493863 0.30187276 
10.915052 0.72482812 0.30180281 
10.93799 0.72471625 0.30173314 
10.960928 0.72460276 0.30166364 
10.983866 0.72448778 0.30159432 
11.006803 0.72437125 0.30152521 
11.029732 0.72425312 0.3014563 
11.052661 0.72413349 0.30138761 
11.075589 0.72401226 0.30131906 
11.098518 0.72388941 0.30125073 
11.121451 0.7237649 0.3011826 
11.144384 0.72363883 0.30111462 
11.167317 0.72351116 0.30104685 
11.19025 0.72338182 0.30097926 
11.213212 0.72325069 0.30091175 
11.236175 0.72311789 0.30084446 
11.259136 0.72298342 0.30077738 
11.282099 0.72284728 0.30071044 
11.305115 0.72270918 0.30064356 
11.328132 0.72256935 0.30057687 
11.351148 0.72242785 0.30051038 
11.374165 0.72228462 0.30044407 
11.397278 0.72213906 0.30037767 
11.420392 0.72199172 0.30031148 
11.443505 0.72184265 0.30024546 
11.466619 0.72169179 0.30017963 
11.48987 0.72153825 0.30011362 
11.513122 0.72138292 0.30004779 
11.536372 0.72122574 0.29998216 
11.559624 0.72106677 0.29991674 
11.583082 0.72090453 0.29985094 
11.606542 0.72074038 0.29978532 
11.63 0.72057432 0.2997199 
11.65346 0.72040641 0.29965466 
11.677253 0.7202341 0.29958874 
11.701046 0.72005981 0.299523 
11.72484 0.71988356 0.29945746 
11.748633 0.71970534 0.29939213 
11.772902 0.7195214 0.2993257 
11.797172 0.71933544 0.29925948 
11.821441 0.71914732 0.2991935 
11.84571 0.71895707 0.29912773 
11.870759 0.7187584 0.29906005 
11.895809 0.71855754 0.2989926 
11.920858 0.71835428 0.2989254 
11.945908 0.71814871 0.29885843 
11.972559 0.71792746 0.29878742 
11.99921 0.71770352 0.29871666 
12.025862 0.7174769 0.29864618 
12.052512 0.71724761 0.29857594 
12.082638 0.71698511 0.29849687 
12.112764 0.71671915 0.29841813 
12.14289 0.71644962 0.29833972 
12.173016 0.71617657 0.29826164 
12.198248 0.71594512 0.29819652 
12.223481 0.71571112 0.29813161 
12.248713 0.71547461 0.29806697 
12.273946 0.71523553 0.29800254 
12.297436 0.71501064 0.29794279 
12.320926 0.71478349 0.29788321 
12.344416 0.71455413 0.29782388 
12.367906 0.71432251 0.29776472 
12.390209 0.71410048 0.29770875 
12.412514 0.71387631 0.29765296 
12.434817 0.71365011 0.29759738 
12.457121 0.71342182 0.29754195 
12.478648 0.7131995 0.29748866 
12.500175 0.7129752 0.29743552 
12.521702 0.71274894 0.29738256 
12.543229 0.71252066 0.29732978 
12.56412 0.71229726 0.29727873 
12.585012 0.7120719 0.29722783 
12.605904 0.71184468 0.29717711 
12.626795 0.71161556 0.29712656 
12.647121 0.71139073 0.29707751 
12.667448 0.71116412 0.29702863 
12.687776 0.71093565 0.2969799 
12.708102 0.71070534 0.29693136 
12.727956 0.7104786 0.29688406 
12.74781 0.71025008 0.29683694 
12.767665 0.71001977 0.29678997 
12.787519 0.70978767 0.29674312 
12.806892 0.70955944 0.29669759 
12.826265 0.70932949 0.29665217 
12.845639 0.7090978 0.29660693 
12.865012 0.70886439 0.29656181 
12.884002 0.70863384 0.29651773 
12.90299 0.70840168 0.29647377 
12.92198 0.70816779 0.29642999 
12.940969 0.70793217 0.29638633 
12.959596 0.70769942 0.29634362 
12.978223 0.70746499 0.29630107 
12.99685 0.7072289 0.29625866 
13.015476 0.70699114 0.29621637 
13.033784 0.70675582 0.29617494 
13.052091 0.70651889 0.29613364 
13.070398 0.70628029 0.29609248 
13.088705 0.70604008 0.29605147 
13.106707 0.70580226 0.29601124 
13.124707 0.70556283 0.29597116 
13.142709 0.70532179 0.29593119 
13.160709 0.70507914 0.29589137 
13.178427 0.70483869 0.2958523 
13.196144 0.7045967 0.29581335 
13.213861 0.70435309 0.29577452 
13.23158 0.70410794 0.29573581 
13.249024 0.70386499 0.29569784 
13.266469 0.70362043 0.29565996 
13.283914 0.70337433 0.29562223 
13.301358 0.70312667 0.29558462 
13.31855 0.70288104 0.29554766 
13.335742 0.70263386 0.29551083 
13.352935 0.70238519 0.29547414 
13.370127 0.70213491 0.29543754 
13.387089 0.70188648 0.29540154 
13.404051 0.70163649 0.29536569 
13.421013 0.70138502 0.29532996 
13.437975 0.70113194 0.29529431 
13.454697 0.700881 0.2952593 
13.471417 0.70062858 0.2952244 
13.488139 0.7003746 0.29518965 
13.50486 0.70011914 0.29515496 
13.521366 0.69986546 0.29512087 
13.537872 0.69961029 0.29508689 
13.554378 0.69935364 0.29505301 
13.570884 0.69909543 0.29501924 
13.58719 0.69883895 0.29498601 
13.603496 0.69858092 0.29495287 
13.619802 0.69832146 0.29491985 
13.636107 0.69806051 0.29488695 
13.65222 0.69780117 0.29485455 
13.668333 0.69754034 0.29482225 
13.684445 0.69727808 0.29479006 
13.700559 0.69701433 0.29475796 
13.716485 0.69675219 0.29472637 
13.73241 0.69648862 0.2946949 
13.748336 0.69622356 0.29466352 
13.764262 0.69595706 0.29463226 
13.780012 0.69569206 0.29460141 
13.795763 0.69542557 0.29457071 
13.811514 0.69515771 0.29454011 
13.827264 0.69488835 0.29450959 
13.842851 0.69462037 0.29447952 
13.858438 0.69435096 0.29444957 
13.874023 0.69408011 0.29441971 
13.88961 0.69380778 0.29438993 
13.905029 0.693537 0.29436061 
13.920449 0.69326478 0.29433137 
13.935868 0.69299114 0.29430225 
13.951287 0.69271612 0.29427323 
13.966555 0.69244236 0.29424459 
13.981821 0.69216716 0.29421607 
13.997088 0.69189054 0.29418764 
14.012356 0.69161254 0.29415932 
14.027477 0.6913358 0.29413137 
14.0426 0.69105756 0.29410353 
14.057722 0.69077802 0.29407579 
14.072845 0.69049698 0.29404816 
14.087822 0.69021726 0.29402086 
14.102799 0.68993616 0.29399371 
14.117777 0.68965364 0.29396662 
14.132754 0.68936974 0.29393965 
14.147598 0.68908697 0.29391304 
14.162443 0.68880278 0.29388651 
14.177287 0.68851721 0.29386008 
14.192132 0.68823028 0.29383376 
14.206836 0.68794465 0.29380777 
14.221539 0.68765759 0.29378191 
14.236244 0.68736923 0.29375613 
14.250948 0.68707943 0.29373047 
14.265532 0.68679065 0.29370508 
14.280117 0.68650043 0.29367983 
14.294703 0.6862089 0.29365465 
14.309287 0.68591595 0.29362959 
14.323754 0.685624 0.29360482 
14.338223 0.68533063 0.29358014 
14.35269 0.68503594 0.29355559 
14.367157 0.68473983 0.29353112 
14.381507 0.68444479 0.29350695 
14.395857 0.68414843 0.29348287 
14.410207 0.68385065 0.29345888 
14.424556 0.68355149 0.29343501 
14.438796 0.68325329 0.29341143 
14.453036 0.68295372 0.29338792 
14.467276 0.68265277 0.29336452 
14.481516 0.68235052 0.29334122 
14.495647 0.68204916 0.29331821 
14.509779 0.68174642 0.29329526 
14.523911 0.68144238 0.29327244 
14.538043 0.68113697 0.29324973 
14.552073 0.68083233 0.29322726 
14.566105 0.68052638 0.29320487 
14.580136 0.68021911 0.29318258 
14.594168 0.67991042 0.29316041 
14.608099 0.67960262 0.2931385 
14.62203 0.67929345 0.29311666 
14.635962 0.67898297 0.29309493 
14.649894 0.67867112 0.2930733 
14.663734 0.67835993 0.29305193 
14.677576 0.67804742 0.29303062 
14.691418 0.67773354 0.29300943 
14.705259 0.67741829 0.29298833 
14.71901 0.67710382 0.29296747 
14.732761 0.67678797 0.2929467 
14.746512 0.67647082 0.29292601 
14.760263 0.67615229 0.29290545 
14.773937 0.67583418 0.29288509 
14.787611 0.67551482 0.29286483 
14.801286 0.67519408 0.29284465 
14.81496 0.67487198 0.2928246 
14.828541 0.67455071 0.29280475 
14.842123 0.67422813 0.29278502 
14.855704 0.67390424 0.29276538 
14.869286 0.67357898 0.29274586 
14.882801 0.67325401 0.29272649 
14.896317 0.67292768 0.29270723 
14.909831 0.67260003 0.2926881 
14.923347 0.67227107 0.29266903 
14.93678 0.67194271 0.29265019 
14.950214 0.67161304 0.29263145 
14.963648 0.67128205 0.29261282 
14.977082 0.67094976 0.29259425 
14.990452 0.6706177 0.2925759 
15.003822 0.67028427 0.29255763 
15.017192 0.66994959 0.29253948 
15.030562 0.66961354 0.29252142 
15.04387 0.66927773 0.29250354 
15.057178 0.66894054 0.29248574 
15.070485 0.66860211 0.29246807 
15.083793 0.6682623 0.29245046 
15.097037 0.66792279 0.29243308 
15.110282 0.66758198 0.29241577 
15.123527 0.66723979 0.29239857 
15.136771 0.66689634 0.29238147 
15.149962 0.6665529 0.29236451 
15.163154 0.66620815 0.29234767 
15.176345 0.66586208 0.29233095 
15.189536 0.66551471 0.29231429 
15.202671 0.66516745 0.29229784 
15.215807 0.66481888 0.29228148 
15.228943 0.66446894 0.29226521 
15.242078 0.66411775 0.29224905 
15.255166 0.66376644 0.29223302 
15.268254 0.66341388 0.29221714 
15.281342 0.66305995 0.29220134 
15.29443 0.66270471 0.29218563 
15.307474 0.66234928 0.29217008 
15.320518 0.66199261 0.29215464 
15.333562 0.66163456 0.29213929 
15.346605 0.66127521 0.29212403 
15.359609 0.66091567 0.29210895 
15.372612 0.66055477 0.29209396 
15.385615 0.66019261 0.29207909 
15.398619 0.65982902 0.29206431 
15.411588 0.65946513 0.29204965 
15.424557 0.65909994 0.29203513 
15.437526 0.65873337 0.29202068 
15.450495 0.65836555 0.29200637 
15.463432 0.65799719 0.29199216 
15.47637 0.65762758 0.29197809 
15.489308 0.6572566 0.29196411 
15.502246 0.65688425 0.29195023 
15.515158 0.65651143 0.29193649 
15.528069 0.65613723 0.29192287 
15.54098 0.65576172 0.29190934 
15.553891 0.65538484 0.29189593 
15.566781 0.65500724 0.29188263 
15.579672 0.65462834 0.29186943 
15.592562 0.65424812 0.29185635 
15.605452 0.65386653 0.29184338 
15.618325 0.65348417 0.29183054 
15.631198 0.65310043 0.29181781 
15.644071 0.65271538 0.29180518 
15.656943 0.65232897 0.29179266 
15.669806 0.65194154 0.29178026 
15.68267 0.6515528 0.29176798 
15.695532 0.65116268 0.29175583 
15.708395 0.6507712 0.29174376 
15.721247 0.65037876 0.2917318 
15.734099 0.64998496 0.29171997 
15.746951 0.64958978 0.29170826 
15.759803 0.64919329 0.29169664 
15.772657 0.64879537 0.29168516 
15.785511 0.64839613 0.29167378 
15.798365 0.64799553 0.29166251 
15.811219 0.64759362 0.29165137 
15.824081 0.64719003 0.29164031 
15.836945 0.64678508 0.29162937 
15.849807 0.64637882 0.29161859 
15.86267 0.64597118 0.29160789 
15.875546 0.64556175 0.29159728 
15.888422 0.64515096 0.29158682 
15.901299 0.64473885 0.29157647 
15.914175 0.64432532 0.29156622 
15.927073 0.64390981 0.29155609 
15.939969 0.64349288 0.29154611 
15.952867 0.64307457 0.29153621 
15.965764 0.64265496 0.29152644 
15.97869 0.64223295 0.29151678 
15.991616 0.64180958 0.29150721 
16.004543 0.64138484 0.2914978 
16.017469 0.64095873 0.2914885 
16.030432 0.64053005 0.29147932 
16.043394 0.64009994 0.29147023 
16.056358 0.63966846 0.29146129 
16.069321 0.63923562 0.29145247 
16.08235 0.63879913 0.29144374 
16.095377 0.63836128 0.29143515 
16.108406 0.63792199 0.29142666 
16.121435 0.63748127 0.29141834 
16.134529 0.63703704 0.29141009 
16.147623 0.63659132 0.29140195 
16.160715 0.63614416 0.29139397 
16.173809 0.63569564 0.29138613 
16.186964 0.63524359 0.29137838 
16.200117 0.63479012 0.29137075 
16.213272 0.63433522 0.2913633 
16.226425 0.63387889 0.29135594 
16.239668 0.63341802 0.2913487 
16.252911 0.63295573 0.2913416 
16.266153 0.63249195 0.29133463 
16.279396 0.63202673 0.29132783 
16.292765 0.63155562 0.29132107 
16.306135 0.63108295 0.29131448 
16.319506 0.63060886 0.29130805 
16.332874 0.63013327 0.29130176 
16.346373 0.62965167 0.29129556 
16.359871 0.62916851 0.29128951 
16.373369 0.62868387 0.29128361 
16.386866 0.62819773 0.29127786 
16.400524 0.62770432 0.29127219 
16.414181 0.62720937 0.29126671 
16.427839 0.62671286 0.29126137 
16.441496 0.62621486 0.29125619 
16.455355 0.62570792 0.29125112 
16.469213 0.62519944 0.29124621 
16.483072 0.62468934 0.29124147 
16.496931 0.62417769 0.29123688 
16.511051 0.62365478 0.29123238 
16.525171 0.6231302 0.29122809 
16.539293 0.62260401 0.29122394 
16.553413 0.62207621 0.29122001 
16.567886 0.62153351 0.29121614 
16.582359 0.62098908 0.29121247 
16.596834 0.62044299 0.29120898 
16.611307 0.61989516 0.2912057 
16.626286 0.61932647 0.29120249 
16.641264 0.618756 0.29119951 
16.65624 0.61818367 0.29119673 
16.671219 0.61760956 0.29119417 
16.687037 0.61700124 0.2911917 
16.702854 0.61639094 0.29118943 
16.718674 0.61577868 0.29118744 
16.734491 0.61516434 0.29118568 
16.752697 0.61445487 0.29118395 
16.770903 0.61374271 0.29118255 
16.789108 0.61302793 0.29118147 
16.807312 0.61231053 0.29118073 
16.824703 0.61162281 0.29118034 
16.842094 0.61093271 0.29118025 
16.859484 0.61024016 0.29118046 
16.876875 0.60954535 0.29118097 
16.892414 0.60892242 0.29118168 
16.907951 0.60829771 0.29118267 
16.923491 0.60767102 0.29118389 
16.93903 0.60704255 0.29118538 
16.953802 0.60644329 0.29118702 
16.968575 0.60584235 0.2911889 
16.983347 0.60523975 0.29119101 
16.998121 0.60463548 0.29119334 
17.012392 0.60405016 0.29119581 
17.026663 0.60346329 0.29119852 
17.040934 0.60287488 0.29120144 
17.055204 0.60228491 0.2912046 
17.069098 0.60170907 0.29120788 
17.082991 0.6011318 0.2912114 
17.096884 0.60055304 0.29121509 
17.110779 0.5999729 0.29121903 
17.12438 0.5994035 0.29122308 
17.137981 0.59883279 0.29122734 
17.151583 0.5982607 0.29123184 
17.165184 0.59768724 0.29123652 
17.178551 0.59712237 0.29124135 
17.191916 0.59655625 0.29124635 
17.20528 0.59598881 0.2912516 
17.218647 0.59542012 0.29125702 
17.231813 0.59485859 0.2912626 
17.24498 0.59429586 0.29126838 
17.258146 0.59373182 0.29127437 
17.271313 0.59316659 0.29128054 
17.284315 0.5926072 0.29128686 
17.297319 0.59204656 0.29129338 
17.310322 0.59148479 0.29130012 
17.323324 0.59092182 0.29130703 
17.336187 0.59036368 0.2913141 
17.349051 0.58980447 0.29132137 
17.361914 0.58924407 0.29132885 
17.374777 0.58868253 0.29133654 
17.387524 0.58812505 0.29134434 
17.400269 0.58756638 0.29135236 
17.413015 0.58700663 0.29136059 
17.42576 0.58644581 0.29136902 
17.43841 0.58588821 0.2913776 
17.451059 0.58532947 0.2913864 
17.463707 0.58476973 0.2913954 
17.476357 0.58420891 0.29140458 
17.488916 0.58365089 0.29141393 
17.501478 0.58309186 0.29142347 
17.51404 0.58253181 0.29143324 
17.526602 0.58197069 0.29144323 
17.539093 0.58141178 0.29145333 
17.551584 0.58085179 0.29146367 
17.564075 0.58029085 0.29147422 
17.576567 0.5797289 0.29148498 
17.589003 0.57916838 0.29149592 
17.60144 0.57860696 0.29150707 
17.613878 0.57804453 0.29151839 
17.626314 0.57748115 0.29152998 
17.638714 0.57691854 0.29154173 
17.651112 0.57635504 0.29155368 
17.663509 0.57579058 0.29156587 
17.675909 0.57522517 0.29157826 
17.688263 0.57466084 0.29159084 
17.700619 0.57409561 0.29160362 
17.712975 0.57352942 0.29161662 
17.72533 0.5729624 0.29162985 
17.737677 0.57239485 0.29164329 
17.750023 0.5718264 0.29165697 
17.762369 0.57125711 0.29167086 
17.774715 0.57068694 0.29168499 
17.787043 0.57011676 0.29169929 
17.79937 0.56954575 0.29171383 
17.811697 0.56897384 0.29172862 
17.824024 0.5684011 0.29174364 
17.836361 0.56782711 0.29175887 
17.848698 0.56725228 0.29177436 
17.861034 0.56667662 0.29179007 
17.873371 0.56610012 0.29180601 
17.885727 0.5655219 0.29182222 
17.898083 0.56494284 0.29183868 
17.91044 0.564363 0.29185537 
17.922796 0.56378233 0.29187229 
17.935181 0.56319958 0.29188949 
17.947565 0.56261599 0.29190692 
17.959949 0.56203163 0.29192463 
17.972334 0.56144649 0.29194257 
17.984755 0.56085891 0.29196081 
17.997173 0.56027055 0.29197931 
18.009594 0.55968148 0.29199806 
18.022015 0.55909157 0.29201704 
18.034491 0.55849832 0.29203638 
18.046967 0.5579043 0.29205599 
18.059441 0.55730951 0.29207584 
18.071917 0.55671406 0.29209596 
18.084484 0.55611342 0.29211649 
18.097054 0.55551201 0.2921373 
18.109621 0.55490994 0.29215837 
18.122189 0.55430716 0.2921797 
18.134844 0.55369943 0.29220146 
18.147501 0.55309099 0.29222348 
18.160156 0.55248189 0.29224581 
18.172812 0.55187207 0.2922684 
18.185593 0.55125546 0.29229149 
18.198374 0.5506382 0.29231489 
18.211155 0.55002022 0.29233858 
18.223936 0.54940158 0.29236254 
18.236889 0.54877394 0.29238716 
18.249842 0.54814565 0.29241204 
18.262793 0.54751664 0.29243726 
18.275745 0.54688704 0.29246277 
18.288935 0.54624522 0.29248905 
18.302122 0.5456028 0.29251564 
18.315311 0.54495966 0.29254258 
18.328499 0.54431587 0.29256985 
18.342043 0.54365408 0.29259816 
18.355587 0.54299164 0.29262683 
18.369131 0.54232854 0.29265586 
18.382673 0.54166472 0.29268524 
18.396915 0.54096603 0.2927165 
18.411158 0.54026663 0.29274815 
18.4254 0.53956658 0.29278019 
18.439642 0.5388658 0.29281265 
18.45405 0.53815621 0.29284588 
18.468458 0.5374459 0.29287952 
18.482868 0.53673494 0.29291359 
18.497276 0.53602332 0.29294804 
18.510965 0.53534663 0.29298118 
18.524656 0.53466934 0.29301468 
18.538345 0.53399152 0.29304859 
18.552036 0.53331316 0.29308286 
18.565475 0.53264666 0.29311687 
18.578915 0.53197968 0.29315129 
18.592354 0.53131223 0.29318604 
18.605795 0.53064424 0.29322121 
18.619099 0.52998251 0.29325637 
18.632402 0.5293203 0.29329193 
18.645708 0.52865767 0.29332784 
18.659012 0.52799463 0.29336414 
18.672239 0.52733493 0.29340062 
18.685467 0.52667487 0.29343745 
18.698696 0.52601433 0.29347467 
18.711924 0.52535343 0.29351228 
18.725122 0.52469355 0.29355019 
18.738321 0.52403325 0.29358849 
18.751522 0.52337265 0.29362714 
18.764721 0.52271163 0.29366621 
18.77795 0.52204871 0.29370576 
18.791182 0.52138549 0.29374573 
18.804411 0.52072191 0.29378605 
18.81764 0.52005804 0.29382679 
18.830936 0.51939046 0.29386812 
18.844233 0.51872265 0.29390988 
18.857529 0.51805449 0.29395205 
18.870825 0.51738602 0.29399464 
18.884197 0.5167135 0.29403785 
18.897568 0.51604068 0.29408151 
18.910938 0.51536763 0.29412559 
18.924309 0.51469427 0.29417008 
18.937792 0.51401508 0.29421538 
18.951275 0.51333559 0.2942611 
18.964756 0.51265585 0.29430729 
18.978239 0.51197588 0.2943539 
18.991949 0.51128423 0.29440176 
19.005657 0.5105924 0.29445007 
19.019367 0.50990039 0.29449886 
19.033075 0.50920814 0.29454812 
19.047071 0.50850117 0.29459888 
19.061068 0.50779402 0.29465014 
19.075064 0.50708663 0.29470187 
19.08906 0.50637913 0.29475412 
19.103514 0.50564831 0.2948086 
19.117968 0.50491732 0.29486361 
19.13242 0.50418621 0.29491916 
19.146873 0.50345492 0.29497525 
19.162216 0.50267851 0.29503539 
19.177559 0.50190192 0.29509616 
19.192902 0.50112528 0.29515752 
19.208244 0.50034845 0.29521954 
19.22543 0.49947822 0.29528973 
19.242615 0.4986079 0.29536071 
19.2598 0.4977375 0.29543251 
19.276985 0.49686697 0.29550511 
19.292398 0.49608624 0.29557088 
19.30781 0.49530545 0.29563734 
19.323223 0.49452463 0.29570445 
19.338634 0.49374381 0.29577222 
19.352615 0.49303553 0.29583427 
19.366594 0.49232724 0.29589686 
19.380575 0.49161896 0.29596001 
19.394556 0.49091074 0.29602373 
19.407755 0.49024209 0.2960844 
19.420954 0.48957351 0.29614556 
19.434153 0.48890495 0.29620725 
19.447351 0.48823646 0.29626942 
19.460007 0.4875955 0.29632953 
19.472664 0.48695457 0.29639012 
19.485321 0.48631373 0.29645115 
19.497976 0.48567295 0.29651266 
19.510195 0.48505443 0.29657251 
19.522411 0.48443601 0.2966328 
19.53463 0.48381767 0.29669356 
19.546848 0.48319942 0.29675475 
19.558727 0.48259836 0.29681468 
19.570606 0.48199743 0.29687503 
19.582485 0.48139656 0.29693583 
19.594366 0.4807958 0.29699704 
19.605963 0.48020941 0.29705724 
19.617561 0.47962311 0.29711786 
19.629158 0.4790369 0.29717889 
19.640757 0.47845083 0.29724035 
19.652105 0.47787747 0.2973009 
19.663454 0.47730422 0.29736185 
19.674803 0.47673109 0.29742321 
19.686152 0.47615808 0.29748496 
19.697279 0.47559631 0.29754594 
19.708408 0.47503468 0.2976073 
19.719538 0.47447318 0.29766905 
19.730665 0.47391182 0.29773122 
19.741596 0.4733606 0.29779267 
19.752527 0.47280949 0.29785451 
19.763456 0.47225854 0.29791674 
19.774387 0.47170773 0.29797935 
19.785141 0.47116601 0.29804137 
19.795893 0.47062445 0.29810372 
19.806646 0.47008303 0.29816648 
19.8174 0.46954176 0.29822963 
19.827991 0.46900877 0.29829219 
19.838583 0.46847597 0.29835516 
19.849173 0.46794331 0.29841846 
19.859764 0.4674108 0.29848218 
19.870207 0.46688601 0.29854536 
19.880648 0.46636134 0.29860893 
19.89109 0.46583685 0.29867285 
19.901531 0.46531254 0.29873714 
19.911839 0.4647952 0.29880098 
19.922144 0.46427801 0.29886517 
19.932451 0.46376103 0.29892975 
19.942757 0.4632442 0.29899469 
19.952942 0.46273369 0.29905924 
19.963125 0.46222335 0.29912412 
19.973309 0.46171319 0.29918939 
19.983494 0.46120325 0.29925501 
19.993561 0.46069923 0.29932028 
20.00363 0.46019542 0.29938588 
20.013699 0.45969176 0.29945186 
20.023767 0.45918831 0.2995182 
20.033726 0.45869052 0.29958418 
20.043686 0.45819288 0.29965049 
20.053646 0.45769548 0.29971719 
20.063604 0.45719823 0.29978424 
20.073467 0.45670605 0.299851 
20.083328 0.45621407 0.29991812 
20.093191 0.45572227 0.29998559 
20.103054 0.45523068 0.30005342 
20.112823 0.45474392 0.30012095 
20.122591 0.45425737 0.30018884 
20.13236 0.45377102 0.30025709 
20.14213 0.45328486 0.30032569 
20.151817 0.45280302 0.30039409 
20.161503 0.45232141 0.30046281 
20.17119 0.45183998 0.30053189 
20.180876 0.45135877 0.30060133 
20.190485 0.45088169 0.30067056 
20.200092 0.45040482 0.30074012 
20.2097 0.44992816 0.30081007 
20.219307 0.44945171 0.30088034 
20.228842 0.44897908 0.30095044 
20.238379 0.44850668 0.30102089 
20.247913 0.44803447 0.3010917 
20.257448 0.44756249 0.30116287 
20.266918 0.44709399 0.30123389 
20.276388 0.44662571 0.30130523 
20.285856 0.44615766 0.30137694 
20.295326 0.44568986 0.30144903 
20.304735 0.44522521 0.30152097 
20.314144 0.4447608 0.30159327 
20.323555 0.44429663 0.30166593 
20.332964 0.44383267 0.30173895 
20.342319 0.44337156 0.3018119 
20.351677 0.4429107 0.30188519 
20.361032 0.44245008 0.30195886 
20.370388 0.44198969 0.30203286 
20.379694 0.44153202 0.3021068 
20.389 0.44107458 0.30218109 
20.398306 0.44061738 0.30225575 
20.407612 0.44016045 0.30233076 
20.416874 0.43970585 0.30240577 
20.426138 0.43925148 0.30248111 
20.4354 0.43879735 0.30255684 
20.444662 0.4383435 0.3026329 
20.45389 0.4378916 0.30270901 
20.463118 0.43743995 0.30278552 
20.472345 0.43698856 0.30286235 
20.481573 0.43653741 0.30293953 
20.490767 0.43608817 0.30301678 
20.49996 0.43563923 0.30309439 
20.509153 0.43519053 0.30317235 
20.518347 0.43474206 0.30325067 
20.527515 0.43429518 0.30332911 
20.536682 0.43384856 0.30340791 
20.545849 0.43340218 0.30348706 
20.555016 0.43295607 0.30356658 
20.564165 0.43251109 0.3036463 
20.573315 0.43206638 0.30372638 
20.582464 0.43162197 0.30380681 
20.591614 0.43117779 0.30388761 
20.60075 0.43073449 0.30396867 
20.609888 0.43029147 0.30405006 
20.619026 0.4298487 0.30413184 
20.628162 0.42940626 0.30421397 
20.637295 0.42896432 0.30429643 
20.646427 0.42852268 0.30437922 
20.655558 0.42808133 0.3044624 
20.66469 0.42764029 0.30454594 
20.673826 0.42719933 0.30462989 
20.682961 0.42675871 0.3047142 
20.692097 0.42631835 0.30479887 
20.701231 0.42587832 0.30488393 
20.710381 0.42543787 0.30496949 
20.71953 0.42499775 0.30505541 
20.72868 0.42455792 0.30514172 
20.737829 0.4241184 0.30522838 
20.747002 0.42367807 0.30531564 
20.756174 0.42323807 0.30540329 
20.765347 0.42279837 0.30549133 
20.774521 0.42235899 0.30557975 
20.783728 0.42191824 0.30566889 
20.792936 0.42147779 0.30575839 
20.802145 0.42103767 0.3058483 
20.811354 0.42059791 0.3059386 
20.820612 0.42015603 0.3060298 
20.829872 0.41971448 0.30612138 
20.83913 0.41927329 0.30621335 
20.848391 0.41883242 0.30630574 
20.857719 0.41838861 0.3063992 
20.867048 0.41794515 0.30649304 
20.876377 0.41750205 0.30658734 
20.885704 0.4170593 0.30668199 
20.895126 0.41661248 0.30677804 
20.904551 0.41616601 0.30687451 
20.913973 0.41571993 0.30697137 
20.923395 0.4152742 0.30706868 
20.932941 0.41482303 0.30716765 
20.942486 0.41437227 0.3072671 
20.952032 0.41392189 0.30736694 
20.961578 0.41347191 0.30746722 
20.97134 0.41301215 0.30757022 
20.981102 0.4125528 0.30767369 
20.990866 0.41209391 0.30777761 
21.000628 0.41163543 0.30788198 
21.010637 0.41116574 0.30798948 
21.020647 0.41069654 0.30809745 
21.030657 0.41022781 0.3082059 
21.040667 0.40975949 0.30831486 
21.051128 0.40927055 0.30842924 
21.061592 0.40878209 0.30854416 
21.072054 0.40829417 0.30865961 
21.082516 0.40780678 0.3087756 
21.094679 0.40724084 0.30891111 
21.106842 0.40667558 0.30904737 
21.119005 0.40611109 0.30918434 
21.131168 0.40554732 0.30932203 
21.142252 0.40503418 0.30944815 
21.153337 0.40452167 0.30957487 
21.164421 0.40400979 0.30970222 
21.175505 0.40349853 0.30983016 
21.185585 0.40303415 0.30994704 
21.195665 0.40257031 0.31006446 
21.205746 0.402107 0.31018236 
21.215826 0.40164423 0.31030077 
21.225451 0.40120289 0.31041431 
21.235075 0.40076202 0.31052834 
21.244699 0.40032166 0.31064281 
21.254324 0.39988181 0.31075776 
21.263649 0.39945617 0.31086954 
21.272972 0.39903101 0.31098181 
21.282297 0.39860636 0.31109449 
21.29162 0.39818218 0.31120762 
21.30072 0.39776865 0.31131846 
21.309822 0.39735562 0.31142971 
21.318922 0.39694306 0.31154141 
21.328022 0.39653096 0.31165352 
21.336941 0.39612755 0.31176379 
21.34586 0.39572462 0.31187451 
21.354778 0.39532214 0.31198561 
21.363697 0.39492014 0.3120971 
21.372467 0.39452535 0.31220716 
21.381237 0.39413098 0.31231761 
21.390005 0.39373711 0.31242844 
21.398775 0.39334369 0.3125397 
21.407419 0.39295638 0.31264973 
21.416063 0.39256951 0.31276017 
21.424707 0.39218313 0.31287098 
21.433352 0.39179721 0.3129822 
21.441887 0.39141658 0.31309238 
21.450424 0.39103639 0.31320298 
21.45896 0.39065668 0.31331393 
21.467495 0.39027742 0.31342527 
21.475943 0.38990262 0.31353584 
21.484388 0.3895283 0.31364673 
21.492834 0.38915446 0.31375805 
21.50128 0.38878107 0.31386971 
21.509649 0.38841155 0.31398073 
21.518017 0.38804251 0.31409213 
21.526386 0.38767391 0.31420389 
21.534756 0.38730583 0.314316 
21.543056 0.38694116 0.31442758 
21.551357 0.38657698 0.31453955 
21.55966 0.38621324 0.31465185 
21.567961 0.38585001 0.31476453 
21.576206 0.38548967 0.31487682 
21.584452 0.38512981 0.31498948 
21.592697 0.38477039 0.31510249 
21.600945 0.38441148 0.31521586 
21.60914 0.38405517 0.31532893 
21.617338 0.38369933 0.31544235 
21.625536 0.38334396 0.31555614 
21.633734 0.38298908 0.31567028 
21.641891 0.3826364 0.31578425 
21.650049 0.38228422 0.31589854 
21.658207 0.38193253 0.31601319 
21.666365 0.38158131 0.31612822 
21.674492 0.38123187 0.31624314 
21.682621 0.38088295 0.31635845 
21.690748 0.3805345 0.31647411 
21.698875 0.38018656 0.31659013 
21.706982 0.37984011 0.31670615 
21.715086 0.37949416 0.31682253 
21.72319 0.37914869 0.31693929 
21.731297 0.37880376 0.31705639 
21.739386 0.37845999 0.3171736 
21.747475 0.37811673 0.31729117 
21.755564 0.37777397 0.3174091 
21.763653 0.37743175 0.31752738 
21.771736 0.37709036 0.31764591 
21.779818 0.37674949 0.31776476 
21.787899 0.37640914 0.317884 
21.79598 0.37606931 0.31800357 
21.804062 0.37573004 0.31812349 
21.812143 0.37539133 0.31824374 
21.820225 0.37505314 0.31836438 
21.828306 0.37471548 0.31848535 
21.836393 0.37437809 0.31860679 
21.844482 0.3740412 0.31872857 
21.85257 0.37370491 0.3188507 
21.860659 0.37336913 0.31897321 
21.868763 0.37303326 0.3190963 
21.876867 0.37269789 0.31921974 
21.884972 0.37236312 0.31934357 
21.893076 0.37202892 0.31946772 
21.901207 0.37169418 0.31959265 
21.909338 0.37136 0.31971791 
21.917469 0.37102643 0.31984356 
21.9256 0.37069342 0.31996956 
21.933767 0.37035951 0.32009646 
21.941935 0.37002623 0.32022375 
21.9501 0.36969352 0.32035136 
21.958267 0.3693614 0.32047936 
21.96648 0.369028 0.32060844 
21.974693 0.36869523 0.3207379 
21.982908 0.36836302 0.32086769 
21.991121 0.36803147 0.32099786 
21.999395 0.36769807 0.32112938 
22.007668 0.3673653 0.32126126 
22.015942 0.36703318 0.32139349 
22.024216 0.36670169 0.32152611 
22.032564 0.36636782 0.32166028 
22.040915 0.3660346 0.32179487 
22.049263 0.36570203 0.32192981 
22.057613 0.36537012 0.32206511 
22.066057 0.36503509 0.32220238 
22.074501 0.36470073 0.32234001 
22.082947 0.36436707 0.32247803 
22.091391 0.36403409 0.32261643 
22.099972 0.36369643 0.32275745 
22.108553 0.36335948 0.32289886 
22.117134 0.36302325 0.32304069 
22.125715 0.36268777 0.32318288 
22.134472 0.36234611 0.32332844 
22.143229 0.36200523 0.32347438 
22.151985 0.36166513 0.32362071 
22.160742 0.36132577 0.32376748 
22.169752 0.36097735 0.32391894 
22.178764 0.36062977 0.32407081 
22.187775 0.36028299 0.32422313 
22.196787 0.35993701 0.3243759 
22.206232 0.35957527 0.32453647 
22.215677 0.35921445 0.32469752 
22.225122 0.35885453 0.32485902 
22.234568 0.35849553 0.32502103 
22.244547 0.35811722 0.32519272 
22.254528 0.35773996 0.32536492 
22.264507 0.35736373 0.32553765 
22.274488 0.35698852 0.32571089 
22.284191 0.35662478 0.32587984 
22.293894 0.356262 0.3260493 
22.303596 0.35590023 0.32621923 
22.313299 0.35553947 0.32638967 
22.322515 0.35519773 0.326552 
22.331734 0.35485688 0.32671481 
22.34095 0.35451695 0.32687804 
22.350166 0.35417792 0.32704175 
22.359169 0.35384771 0.32720205 
22.368172 0.35351834 0.32736278 
22.377176 0.35318989 0.32752392 
22.386179 0.3528623 0.32768548 
22.39505 0.35254037 0.3278451 
22.403921 0.35221931 0.32800514 
22.412794 0.35189915 0.32816556 
22.421665 0.35157984 0.3283264 
22.430456 0.3512643 0.32848617 
22.439247 0.35094962 0.32864636 
22.448038 0.35063583 0.32880691 
22.456829 0.3503229 0.32896787 
22.46557 0.3500126 0.32912832 
22.474312 0.34970319 0.32928914 
22.483053 0.34939462 0.32945037 
22.491795 0.34908694 0.32961196 
22.500513 0.34878096 0.32977352 
22.509232 0.34847584 0.32993546 
22.51795 0.34817159 0.33009779 
22.526669 0.34786823 0.33026049 
22.535387 0.34756571 0.33042359 
22.544107 0.34726405 0.33058709 
22.552828 0.34696329 0.33075097 
22.561546 0.34666339 0.33091521 
22.570286 0.34636375 0.3310802 
22.579023 0.34606501 0.33124554 
22.587763 0.3457672 0.33141127 
22.5965 0.34547025 0.33157739 
22.60528 0.34517285 0.33174464 
22.614058 0.34487638 0.33191225 
22.622837 0.34458083 0.33208027 
22.631615 0.34428617 0.33224863 
22.640459 0.34399027 0.33241865 
22.649303 0.34369528 0.33258903 
22.658148 0.34340122 0.3327598 
22.666992 0.34310812 0.33293095 
22.67593 0.3428129 0.33310428 
22.684868 0.3425186 0.333278 
22.693806 0.34222528 0.33345211 
22.702744 0.34193292 0.3336266 
22.711807 0.3416374 0.33380395 
22.720873 0.3413429 0.33398166 
22.729937 0.34104937 0.33415979 
22.739002 0.34075686 0.33433831 
22.748245 0.34045959 0.33452073 
22.75749 0.34016335 0.33470356 
22.766735 0.33986819 0.33488682 
22.775978 0.33957407 0.33507043 
22.785486 0.33927265 0.33525971 
22.794992 0.33897239 0.33544937 
22.804501 0.3386732 0.33563948 
22.814007 0.33837518 0.33582997 
22.823963 0.33806428 0.33602989 
22.833918 0.33775464 0.33623025 
22.843872 0.33744621 0.33643106 
22.853827 0.33713904 0.33663231 
22.86484 0.33680063 0.33685547 
22.875853 0.33646378 0.33707914 
22.886864 0.33612844 0.33730337 
22.897877 0.3357946 0.33752814 
22.908422 0.33547637 0.33774385 
22.918968 0.33515951 0.33796006 
22.929514 0.33484405 0.33817676 
22.940058 0.33453 0.33839396 
22.949785 0.33424151 0.3385947 
22.959515 0.33395424 0.33879587 
22.969242 0.33366817 0.33899742 
22.97897 0.33338329 0.33919939 
22.988314 0.33311075 0.33939379 
22.99766 0.33283928 0.33958855 
23.007006 0.33256894 0.33978367 
23.016352 0.33229971 0.33997917 
23.025431 0.33203915 0.34016946 
23.034512 0.33177966 0.34036011 
23.043592 0.33152118 0.34055108 
23.052673 0.33126378 0.34074238 
23.061558 0.3310129 0.34092993 
23.070444 0.33076304 0.34111777 
23.079329 0.33051416 0.34130594 
23.088215 0.3302663 0.34149441 
23.096951 0.33002362 0.34167999 
23.105686 0.32978189 0.3418659 
23.11442 0.32954115 0.3420521 
23.123156 0.32930136 0.34223858 
23.131771 0.32906583 0.34242281 
23.140387 0.32883123 0.34260732 
23.149002 0.32859761 0.34279212 
23.157618 0.32836488 0.3429772 
23.166136 0.32813573 0.34316048 
23.174654 0.3279075 0.34334403 
23.183172 0.3276802 0.34352785 
23.191689 0.32745382 0.34371194 
23.200129 0.32723048 0.34389457 
23.208567 0.32700804 0.34407747 
23.217005 0.32678649 0.34426063 
23.225443 0.32656583 0.34444407 
23.233816 0.32634783 0.34462631 
23.242189 0.32613069 0.34480882 
23.250561 0.32591447 0.34499156 
23.258934 0.32569912 0.34517458 
23.267252 0.32548603 0.34535667 
23.27557 0.32527384 0.34553897 
23.28389 0.32506251 0.34572154 
23.292208 0.32485208 0.34590435 
23.300484 0.32464358 0.34608644 
23.308758 0.32443598 0.34626877 
23.317034 0.32422924 0.34645134 
23.325308 0.32402337 0.34663415 
23.333548 0.32381922 0.34681639 
23.341789 0.32361594 0.3469989 
23.350029 0.32341349 0.34718162 
23.358271 0.32321191 0.34736457 
23.36648 0.3230119 0.34754708 
23.374691 0.32281277 0.34772983 
23.382902 0.32261446 0.34791279 
23.391113 0.32241699 0.34809595 
23.399303 0.32222089 0.34827888 
23.407492 0.32202563 0.34846202 
23.415682 0.32183123 0.34864536 
23.423872 0.32163763 0.34882894 
23.432047 0.32144523 0.3490124 
23.440222 0.32125369 0.34919605 
23.448397 0.32106295 0.34937993 
23.456573 0.32087305 0.34956402 
23.464737 0.32068422 0.34974808 
23.472902 0.32049623 0.34993231 
23.481068 0.3203091 0.35011676 
23.489231 0.32012278 0.35030141 
23.497393 0.31993735 0.35048619 
23.505554 0.31975275 0.35067117 
23.513716 0.31956899 0.35085633 
23.521877 0.31938604 0.3510417 
23.530041 0.31920388 0.35122728 
23.538204 0.31902257 0.35141307 
23.546366 0.31884205 0.35159904 
23.554529 0.31866238 0.35178518 
23.562696 0.31848341 0.35197163 
23.570862 0.31830528 0.35215825 
23.579029 0.31812799 0.35234505 
23.587196 0.3179515 0.35253206 
23.595373 0.31777558 0.35271946 
23.603552 0.31760049 0.35290706 
23.611729 0.31742623 0.35309485 
23.619905 0.31725278 0.35328278 
23.628098 0.31707984 0.35347125 
23.63629 0.3169077 0.3536599 
23.644482 0.31673637 0.35384873 
23.652674 0.31656587 0.3540377 
23.660883 0.31639585 0.35422724 
23.66909 0.31622663 0.35441697 
23.677299 0.31605822 0.35460687 
23.685509 0.31589061 0.35479692 
23.693741 0.31572336 0.35498765 
23.701971 0.31555694 0.35517856 
23.710203 0.3153913 0.35536963 
23.718433 0.3152265 0.35556087 
23.72669 0.31506199 0.35575289 
23.734949 0.31489828 0.35594505 
23.743206 0.31473538 0.35613739 
23.751463 0.31457329 0.35632986 
23.75975 0.31441143 0.35652319 
23.768036 0.31425041 0.35671666 
23.776323 0.31409019 0.35691029 
23.784609 0.31393078 0.35710406 
23.792929 0.31377155 0.35729879 
23.801249 0.31361312 0.35749364 
23.809568 0.31345552 0.35768867 
23.817888 0.3132987 0.35788384 
23.826246 0.31314203 0.35808003 
23.834602 0.31298614 0.35827637 
23.84296 0.31283107 0.35847285 
23.851318 0.31267679 0.35866949 
23.859716 0.31252259 0.3588672 
23.868114 0.31236923 0.35906509 
23.876513 0.31221664 0.35926309 
23.884911 0.31206489 0.35946125 
23.893353 0.31191316 0.3596606 
23.901796 0.31176221 0.35986006 
23.910238 0.3116121 0.36005968 
23.918682 0.31146282 0.36025944 
23.927174 0.31131345 0.36046049 
23.935667 0.31116492 0.36066169 
23.944159 0.31101719 0.360863 
23.952652 0.31087026 0.36106446 
23.961199 0.31072325 0.36126733 
23.969744 0.31057706 0.36147028 
23.978291 0.31043169 0.36167338 
23.986837 0.31028715 0.36187664 
23.99544 0.31014246 0.36208132 
24.004042 0.30999857 0.36228615 
24.012644 0.30985555 0.3624911 
24.021248 0.30971333 0.36269614 
24.029911 0.30957094 0.36290276 
24.038572 0.30942938 0.3631095 
24.047235 0.30928865 0.36331636 
24.055899 0.30914876 0.3635233 
24.064632 0.30900854 0.36373207 
24.073366 0.30886915 0.36394095 
24.0821 0.3087306 0.36414996 
24.090834 0.30859289 0.36435905 
24.099638 0.30845487 0.36456999 
24.108444 0.30831772 0.36478099 
24.117249 0.30818138 0.36499214 
24.126053 0.30804589 0.36520335 
24.134933 0.30791005 0.36541653 
24.143816 0.30777505 0.36562982 
24.152697 0.30764091 0.36584318 
24.161579 0.3075076 0.36605665 
24.170542 0.30737388 0.36627224 
24.179506 0.30724102 0.36648789 
24.188471 0.30710903 0.36670366 
24.197435 0.30697787 0.36691952 
24.20649 0.30684623 0.36713764 
24.215544 0.30671549 0.36735585 
24.224598 0.30658558 0.36757413 
24.233652 0.30645651 0.36779252 
24.242802 0.30632696 0.36801329 
24.251951 0.30619827 0.36823413 
24.261099 0.30607045 0.36845508 
24.270248 0.30594349 0.3686761 
24.279503 0.30581594 0.36889976 
24.288757 0.30568925 0.36912349 
24.298014 0.30556345 0.36934727 
24.307268 0.30543852 0.36957118 
24.316633 0.30531293 0.36979783 
24.325998 0.30518827 0.37002456 
24.335365 0.30506447 0.37025136 
24.34473 0.30494156 0.37047821 
24.354218 0.30481794 0.37070811 
24.363705 0.30469522 0.37093809 
24.373194 0.30457339 0.37116811 
24.382681 0.30445245 0.37139821 
24.392298 0.30433077 0.3716315 
24.401915 0.30420998 0.37186486 
24.411531 0.30409011 0.37209827 
24.421146 0.30397114 0.37233174 
24.430912 0.30385128 0.37256885 
24.440676 0.30373231 0.37280601 
24.450439 0.30361429 0.37304324 
24.460205 0.30349717 0.37328053 
24.470125 0.30337909 0.37352166 
24.480047 0.30326197 0.37376285 
24.489969 0.3031458 0.3740041 
24.499891 0.30303052 0.37424538 
24.509989 0.30291417 0.37449104 
24.520088 0.30279878 0.37473673 
24.530188 0.30268431 0.37498245 
24.540287 0.30257082 0.37522823 
24.550587 0.30245608 0.37547889 
24.560884 0.3023423 0.37572959 
24.571182 0.30222949 0.37598029 
24.581482 0.30211768 0.37623104 
24.59201 0.30200437 0.37648743 
24.602539 0.30189207 0.37674385 
24.613068 0.30178076 0.37700027 
24.623598 0.30167049 0.37725675 
24.634392 0.30155843 0.37751967 
24.645187 0.30144745 0.37778264 
24.655981 0.30133751 0.37804562 
24.666777 0.30122861 0.37830859 
24.677908 0.30111739 0.3785798 
24.689041 0.30100727 0.37885103 
24.700172 0.30089822 0.37912223 
24.711306 0.30079025 0.37939346 
24.722872 0.30067924 0.37967527 
24.734438 0.30056939 0.37995705 
24.746004 0.3004607 0.38023883 
24.757572 0.30035314 0.38052061 
24.769857 0.30024016 0.38081989 
24.782145 0.30012846 0.38111916 
24.794432 0.30001804 0.38141841 
24.806719 0.29990891 0.38171762 
24.819775 0.29979435 0.38203552 
24.83283 0.29968119 0.38235337 
24.845886 0.29956946 0.38267118 
24.858942 0.29945916 0.38298896 
24.871664 0.299353 0.38329855 
24.884388 0.29924819 0.3836081 
24.89711 0.29914469 0.3839176 
24.909834 0.29904252 0.38422701 
24.922071 0.29894549 0.38452455 
24.934309 0.29884964 0.38482204 
24.946547 0.29875499 0.38511944 
24.958784 0.29866156 0.38541678 
24.970835 0.29857069 0.38570949 
24.982885 0.29848099 0.38600215 
24.994938 0.29839242 0.38629472 
25.006989 0.29830498 0.3865872 
25.01895 0.29821932 0.38687742 
25.030912 0.29813477 0.38716754 
25.042873 0.29805133 0.38745758 
25.054834 0.29796898 0.38774753 
25.066753 0.29788801 0.38803631 
25.078672 0.29780814 0.38832501 
25.090591 0.29772934 0.38861358 
25.10251 0.29765159 0.38890207 
25.114429 0.29757494 0.38919044 
25.126347 0.29749933 0.38947868 
25.138266 0.29742479 0.38976681 
25.150185 0.2973513 0.39005482 
25.16213 0.2972787 0.39034337 
25.174076 0.29720715 0.39063179 
25.186022 0.29713663 0.39092007 
25.197968 0.29706717 0.39120823 
25.209961 0.29699844 0.39149737 
25.221952 0.29693079 0.39178637 
25.233944 0.29686415 0.39207521 
25.245937 0.29679853 0.39236391 
25.257998 0.29673359 0.39265412 
25.270058 0.29666966 0.39294416 
25.282118 0.29660678 0.39323404 
25.294178 0.29654491 0.39352375 
25.30632 0.29648364 0.39381528 
25.318464 0.29642341 0.39410666 
25.330606 0.29636419 0.39439785 
25.342749 0.29630598 0.3946889 
25.35499 0.29624835 0.39498213 
25.367231 0.29619172 0.39527515 
25.379475 0.29613611 0.39556801 
25.391716 0.29608151 0.3958607 
25.404072 0.29602745 0.39615592 
25.41643 0.2959744 0.39645094 
25.428785 0.29592237 0.39674577 
25.441141 0.29587135 0.39704037 
25.453632 0.2958208 0.39733797 
25.466124 0.2957713 0.39763537 
25.478613 0.29572281 0.39793256 
25.491104 0.29567534 0.39822951 
25.503736 0.29562837 0.39852962 
25.516371 0.29558244 0.39882952 
25.529003 0.29553753 0.39912918 
25.541637 0.29549363 0.39942861 
25.554436 0.29545024 0.39973173 
25.567234 0.29540786 0.40003458 
25.580032 0.29536653 0.40033716 
25.592831 0.29532623 0.4006395 
25.605808 0.29528642 0.40094581 
25.618786 0.29524764 0.40125185 
25.631763 0.29520994 0.40155762 
25.644741 0.29517329 0.40186313 
25.657915 0.29513714 0.40217295 
25.671089 0.29510206 0.40248251 
25.684263 0.29506803 0.40279174 
25.697437 0.29503506 0.4031007 
25.710827 0.29500264 0.40341443 
25.724215 0.29497132 0.40372783 
25.737604 0.29494107 0.4040409 
25.750994 0.29491189 0.40435368 
25.764612 0.29488331 0.40467143 
25.778229 0.29485583 0.40498886 
25.791847 0.29482946 0.40530592 
25.805464 0.29480419 0.40562269 
25.819324 0.29477957 0.40594471 
25.833183 0.29475608 0.40626639 
25.847044 0.29473373 0.40658769 
25.860905 0.29471248 0.40690863 
25.875019 0.29469198 0.40723509 
25.889135 0.29467261 0.40756118 
25.903252 0.2946544 0.40788689 
25.917368 0.29463732 0.40821218 
25.931723 0.29462114 0.4085426 
25.946077 0.29460612 0.40887257 
25.960432 0.29459223 0.40920216 
25.974787 0.29457954 0.4095313 
25.989353 0.29456782 0.40986481 
26.003918 0.2945573 0.41019788 
26.018482 0.29454795 0.41053051 
26.033047 0.29453978 0.41086265 
26.047764 0.29453272 0.41119781 
26.062479 0.29452685 0.41153249 
26.077194 0.29452217 0.41186672 
26.091909 0.29451865 0.41220045 
26.106682 0.29451632 0.41253495 
26.121452 0.29451516 0.41286895 
26.136223 0.29451519 0.41320246 
26.150993 0.29451641 0.41353551 
26.165724 0.29451877 0.41386712 
26.180454 0.29452232 0.41419825 
26.195185 0.29452699 0.41452888 
26.209915 0.29453287 0.414859 
26.22451 0.29453978 0.41518557 
26.239105 0.29454786 0.41551164 
26.2537 0.29455703 0.4158372 
26.268295 0.29456732 0.41616225 
26.282696 0.29457858 0.41648245 
26.297096 0.29459092 0.41680214 
26.311497 0.29460436 0.41712132 
26.325895 0.29461884 0.41744003 
26.340067 0.29463419 0.41775313 
26.354239 0.29465055 0.41806576 
26.368408 0.29466796 0.41837785 
26.38258 0.29468638 0.41868946 
26.396517 0.29470554 0.41899538 
26.410452 0.29472569 0.41930082 
26.424387 0.29474682 0.41960576 
26.438322 0.29476893 0.41991019 
26.452034 0.29479167 0.42020923 
26.465746 0.29481536 0.42050779 
26.479456 0.29484004 0.42080584 
26.493168 0.29486564 0.42110339 
26.506666 0.29489177 0.4213959 
26.520166 0.29491884 0.42168787 
26.533667 0.29494682 0.4219794 
26.547167 0.29497573 0.42227042 
26.560463 0.29500511 0.42255658 
26.573761 0.29503536 0.42284226 
26.587057 0.29506654 0.42312747 
26.600355 0.29509857 0.4234122 
26.613466 0.29513103 0.42369246 
26.626579 0.29516435 0.42397228 
26.63969 0.29519853 0.42425159 
26.652803 0.29523358 0.42453045 
26.665739 0.29526901 0.42480507 
26.678677 0.29530525 0.42507926 
26.691614 0.29534236 0.42535296 
26.704552 0.29538026 0.42562619 
26.717323 0.29541853 0.42589545 
26.730095 0.2954576 0.42616427 
26.742868 0.29549748 0.42643258 
26.75564 0.29553819 0.42670044 
26.768257 0.2955792 0.42696461 
26.780876 0.29562098 0.4272283 
26.793493 0.29566357 0.42749152 
26.80611 0.29570693 0.42775428 
26.818584 0.29575059 0.42801356 
26.831059 0.29579502 0.42827237 
26.843533 0.2958402 0.42853075 
26.856005 0.29588619 0.42878863 
26.868345 0.29593244 0.42904329 
26.880684 0.29597944 0.42929748 
26.893023 0.29602718 0.42955121 
26.905361 0.2960757 0.42980447 
26.917572 0.29612443 0.43005463 
26.929783 0.29617393 0.43030435 
26.941992 0.29622418 0.43055362 
26.954203 0.29627514 0.4308024 
26.966293 0.29632634 0.43104827 
26.978384 0.29637828 0.43129373 
26.990475 0.29643095 0.4315387 
27.002563 0.29648432 0.43178323 
27.01454 0.29653794 0.43202496 
27.026514 0.29659224 0.43226624 
27.038488 0.29664728 0.43250704 
27.050463 0.29670304 0.43274739 
27.06233 0.29675898 0.43298516 
27.074198 0.29681566 0.43322247 
27.086065 0.29687303 0.43345934 
27.097933 0.29693112 0.43369576 
27.109695 0.29698938 0.43392965 
27.12146 0.29704836 0.43416309 
27.133224 0.29710802 0.43439609 
27.144989 0.2971684 0.43462864 
27.156652 0.29722896 0.43485877 
27.168316 0.29729018 0.43508846 
27.179981 0.29735211 0.43531767 
27.191645 0.29741472 0.43554646 
27.203213 0.29747751 0.4357729 
27.214781 0.29754096 0.43599892 
27.226349 0.29760513 0.43622446 
27.237919 0.29766995 0.43644959 
27.249395 0.29773495 0.43667248 
27.260872 0.29780063 0.43689489 
27.272348 0.29786697 0.43711689 
27.283825 0.297934 0.43733844 
27.295214 0.29800117 0.43755785 
27.306602 0.29806903 0.4377768 
27.317991 0.29813755 0.43799531 
27.32938 0.29820672 0.43821341 
27.340685 0.29827607 0.43842942 
27.35199 0.2983461 0.43864501 
27.363295 0.29841676 0.43886015 
27.374599 0.29848811 0.43907481 
27.385824 0.29855964 0.43928754 
27.397049 0.29863179 0.43949983 
27.408274 0.29870462 0.43971169 
27.419498 0.29877812 0.43992308 
27.430645 0.29885176 0.44013256 
27.441792 0.29892606 0.44034162 
27.452938 0.29900101 0.44055024 
27.464085 0.29907662 0.44075838 
27.475155 0.29915237 0.4409647 
27.486225 0.29922882 0.44117057 
27.497297 0.29930589 0.441376 
27.508368 0.29938361 0.44158098 
27.519365 0.29946151 0.4417842 
27.530365 0.29954004 0.44198698 
27.541365 0.29961923 0.44218934 
27.552362 0.2996991 0.44239122 
27.563292 0.29977909 0.4425914 
27.574221 0.29985973 0.44279113 
27.585148 0.29994103 0.44299042 
27.596077 0.30002299 0.44318926 
27.606939 0.30010512 0.44338647 
27.6178 0.30018789 0.44358322 
27.62866 0.3002713 0.44377953 
27.639523 0.30035537 0.44397539 
27.650322 0.3004396 0.4441697 
27.661119 0.3005245 0.44436356 
27.671919 0.30061007 0.44455701 
27.682718 0.30069628 0.44475001 
27.693455 0.30078265 0.44494146 
27.704191 0.30086967 0.44513246 
27.71493 0.30095735 0.44532305 
27.725666 0.30104569 0.44551316 
27.736341 0.3011342 0.44570181 
27.747019 0.30122337 0.44588998 
27.757696 0.30131316 0.44607773 
27.768372 0.30140364 0.44626504 
27.778996 0.30149433 0.44645098 
27.789618 0.30158564 0.44663647 
27.80024 0.30167764 0.44682151 
27.810862 0.3017703 0.44700611 
27.82143 0.30186313 0.44718933 
27.831997 0.30195662 0.44737211 
27.842566 0.3020508 0.44755444 
27.853134 0.30214563 0.44773635 
27.863649 0.30224067 0.44791692 
27.874166 0.30233636 0.44809708 
27.884682 0.30243272 0.44827676 
27.895199 0.30252975 0.44845602 
27.905668 0.30262703 0.44863403 
27.916138 0.30272496 0.44881162 
27.926607 0.30282357 0.44898877 
27.937075 0.30292287 0.44916543 
27.9475 0.30302241 0.44934094 
27.957926 0.30312261 0.44951603 
27.968349 0.30322349 0.44969064 
27.978775 0.30332506 0.44986483 
27.989161 0.30342692 0.4500379 
27.999544 0.30352944 0.45021051 
28.009928 0.30363268 0.45038268 
28.020313 0.30373657 0.45055443 
28.030659 0.30384076 0.45072508 
28.041004 0.30394563 0.45089528 
28.05135 0.30405122 0.45106503 
28.061695 0.30415747 0.45123434 
28.072006 0.3042641 0.45140269 
28.082319 0.30437142 0.45157057 
28.092632 0.30447945 0.45173803 
28.102945 0.30458814 0.45190504 
28.11323 0.30469725 0.4520711 
28.123512 0.30480707 0.45223674 
28.133797 0.30491757 0.45240191 
28.144079 0.3050288 0.45256662 
28.154337 0.30514044 0.45273048 
28.164593 0.30525279 0.45289388 
28.174849 0.30536586 0.45305684 
28.185106 0.30547965 0.45321932 
28.195345 0.30559397 0.45338109 
28.205584 0.305709 0.45354241 
28.215822 0.30582476 0.45370325 
28.226061 0.30594125 0.45386365 
28.236284 0.30605829 0.45402336 
28.246508 0.30617607 0.4541826 
28.256729 0.30629459 0.45434138 
28.266953 0.30641383 0.45449969 
28.277166 0.30653372 0.45465741 
28.28738 0.30665436 0.45481467 
28.297592 0.30677575 0.45497146 
28.307806 0.30689788 0.45512778 
28.318022 0.30702081 0.4552837 
28.328238 0.30714452 0.45543912 
28.338455 0.30726898 0.45559409 
28.348671 0.30739421 0.45574859 
28.358892 0.3075203 0.4559027 
28.369114 0.30764714 0.45605636 
28.379335 0.30777478 0.45620951 
28.389557 0.3079032 0.45636222 
28.399792 0.30803263 0.45651466 
28.410028 0.30816281 0.45666662 
28.420265 0.30829382 0.45681807 
28.4305 0.30842564 0.45696908 
28.440762 0.30855858 0.45711997 
28.451023 0.30869237 0.45727035 
28.461285 0.30882695 0.45742029 
28.471546 0.30896237 0.45756972 
28.48185 0.3090992 0.45771924 
28.492151 0.30923682 0.45786825 
28.502453 0.30937532 0.45801678 
28.512756 0.30951467 0.45816484 
28.523113 0.30965564 0.45831317 
28.53347 0.30979747 0.45846099 
28.543829 0.30994016 0.45860827 
28.554186 0.31008378 0.45875508 
28.564619 0.3102293 0.45890245 
28.575054 0.31037575 0.45904928 
28.585487 0.31052309 0.45919561 
28.595921 0.31067139 0.45934141 
28.606453 0.31082198 0.45948806 
28.616987 0.31097355 0.45963418 
28.62752 0.31112608 0.45977977 
28.638054 0.31127954 0.45992479 
28.648724 0.31143597 0.46007118 
28.659393 0.31159341 0.460217 
28.670063 0.31175184 0.46036226 
28.680733 0.31191126 0.46050695 
28.691582 0.31207442 0.46065351 
28.702433 0.31223863 0.46079949 
28.713284 0.31240392 0.46094489 
28.724133 0.31257024 0.4610897 
28.735235 0.31274155 0.46123725 
28.746336 0.31291395 0.46138418 
28.757437 0.31308749 0.46153051 
28.768538 0.31326219 0.46167621 
28.780006 0.3134439 0.46182606 
28.791475 0.3136268 0.46197525 
28.802944 0.31381097 0.46212378 
28.814413 0.3139964 0.46227163 
28.826458 0.31419247 0.46242619 
28.838503 0.31438994 0.46258 
28.850548 0.31458884 0.46273303 
28.862591 0.31478915 0.46288535 
28.875731 0.3150093 0.4630506 
28.88887 0.31523114 0.46321499 
28.902008 0.31545475 0.46337846 
28.915148 0.31568006 0.46354103 
28.932251 0.31597599 0.46375129 
28.949352 0.31627494 0.46395996 
28.966455 0.3165769 0.46416709 
28.983559 0.31688195 0.46437263 
28.997585 0.31713447 0.46454006 
29.011614 0.31738907 0.46470645 
29.025642 0.31764582 0.46487173 
29.039671 0.31790471 0.46503595 
29.051497 0.31812459 0.46517354 
29.06332 0.31834602 0.46531036 
29.075146 0.318569 0.46544641 
29.086971 0.31879357 0.46558169 
29.09787 0.31900194 0.46570569 
29.108768 0.31921166 0.46582901 
29.119667 0.31942272 0.46595168 
29.130566 0.31963515 0.46607369 
29.140564 0.31983125 0.466185 
29.150562 0.32002848 0.46629578 
29.160561 0.32022691 0.46640599 
29.170559 0.32042652 0.4665156 
29.180292 0.320622 0.46662179 
29.190027 0.3208186 0.46672744 
29.199762 0.32101634 0.46683255 
29.209496 0.32121524 0.46693712 
29.218857 0.32140756 0.46703714 
29.228216 0.32160094 0.46713665 
29.237576 0.3217954 0.46723565 
29.246937 0.32199097 0.46733415 
29.255875 0.32217872 0.46742776 
29.264814 0.32236749 0.46752086 
29.273754 0.32255727 0.46761352 
29.282692 0.32274804 0.46770573 
29.291374 0.32293427 0.46779478 
29.300055 0.32312146 0.46788341 
29.308735 0.32330963 0.46797159 
29.317415 0.32349876 0.46805933 
29.325871 0.32368389 0.46814433 
29.334324 0.32386997 0.46822894 
29.342779 0.32405698 0.4683131 
29.351234 0.32424492 0.46839681 
29.35948 0.32442915 0.46847805 
29.367725 0.32461426 0.46855891 
29.375971 0.32480028 0.46863931 
29.384216 0.3249872 0.46871933 
29.392271 0.32517073 0.46879709 
29.400328 0.32535508 0.46887448 
29.408382 0.32554033 0.46895143 
29.416437 0.32572648 0.46902803 
29.424286 0.32590869 0.46910223 
29.432133 0.32609177 0.46917608 
29.439981 0.32627568 0.46924955 
29.447828 0.32646045 0.46932262 
29.455517 0.3266423 0.46939385 
29.463207 0.32682499 0.46946472 
29.470896 0.32700852 0.46953523 
29.478584 0.32719287 0.46960536 
29.486134 0.3273747 0.46967384 
29.493681 0.3275573 0.46974194 
29.50123 0.32774073 0.46980971 
29.508778 0.327925 0.46987712 
29.516195 0.32810685 0.46994302 
29.523611 0.32828951 0.47000855 
29.531029 0.32847297 0.47007376 
29.538446 0.32865724 0.47013861 
29.54574 0.32883924 0.47020203 
29.553034 0.32902205 0.47026512 
29.560329 0.3292056 0.47032785 
29.567623 0.32938999 0.47039026 
29.574802 0.32957223 0.47045135 
29.581982 0.32975525 0.47051212 
29.589161 0.32993904 0.47057253 
29.59634 0.3301236 0.47063261 
29.603405 0.33030596 0.47069141 
29.61047 0.33048907 0.47074988 
29.617533 0.33067298 0.47080806 
29.624598 0.3308576 0.47086588 
29.63155 0.33104011 0.47092247 
29.638502 0.33122337 0.47097877 
29.645456 0.33140737 0.47103471 
29.652409 0.33159211 0.47109038 
29.659271 0.33177522 0.47114497 
29.666134 0.33195904 0.47119927 
29.672997 0.3321436 0.47125328 
29.679859 0.33232892 0.47130695 
29.686636 0.33251262 0.47135964 
29.693411 0.33269706 0.47141203 
29.700188 0.33288226 0.47146413 
29.706964 0.33306816 0.47151589 
29.713659 0.33325255 0.47156674 
29.720354 0.33343768 0.47161731 
29.727049 0.33362353 0.47166756 
29.733744 0.33381009 0.47171751 
29.740362 0.33399525 0.47176659 
29.746979 0.3341811 0.47181538 
29.753597 0.33436769 0.47186387 
29.760216 0.33455497 0.47191206 
29.766762 0.33474094 0.47195944 
29.773306 0.33492762 0.4720065 
29.779852 0.33511499 0.47205329 
29.786398 0.33530307 0.47209981 
29.792875 0.3354899 0.47214553 
29.799351 0.33567739 0.47219095 
29.805828 0.33586562 0.4722361 
29.812304 0.33605453 0.47228095 
29.818712 0.33624211 0.47232503 
29.825119 0.3364304 0.47236884 
29.831526 0.33661938 0.47241235 
29.837933 0.33680907 0.47245559 
29.844278 0.33699757 0.47249815 
29.850622 0.33718678 0.47254038 
29.856966 0.33737665 0.47258237 
29.863312 0.33756724 0.47262406 
29.869602 0.3377569 0.47266513 
29.875895 0.33794728 0.47270593 
29.882185 0.33813831 0.47274643 
29.888477 0.33833006 0.47278666 
29.894716 0.33852085 0.4728263 
29.900955 0.33871236 0.47286564 
29.907194 0.33890453 0.47290474 
29.913433 0.33909738 0.47294354 
29.919624 0.33928943 0.47298175 
29.925816 0.33948216 0.47301972 
29.932007 0.33967555 0.47305742 
29.938198 0.33986962 0.47309482 
29.944344 0.34006298 0.47313172 
29.950489 0.34025699 0.47316831 
29.956636 0.34045166 0.47320464 
29.962782 0.34064701 0.4732407 
29.968885 0.34084171 0.47327626 
29.974989 0.34103706 0.47331154 
29.981094 0.34123307 0.47334656 
29.987198 0.34142977 0.47338131 
29.993263 0.3416259 0.47341558 
29.999329 0.34182268 0.47344956 
30.005394 0.34202015 0.47348329 
30.011461 0.34221828 0.47351676 
30.01749 0.3424159 0.47354978 
30.023521 0.3426142 0.47358251 
30.029551 0.34281313 0.47361499 
30.035582 0.34301275 0.47364721 
30.041574 0.34321183 0.47367898 
30.047569 0.34341159 0.47371048 
30.053564 0.34361199 0.47374171 
30.059559 0.34381306 0.47377267 
30.065525 0.34401387 0.47380325 
30.071493 0.34421536 0.47383356 
30.077461 0.34441748 0.4738636 
30.083427 0.34462029 0.4738934 
30.089367 0.34482279 0.47392279 
30.095306 0.34502596 0.47395191 
30.101246 0.34522977 0.47398078 
30.107185 0.34543425 0.47400939 
30.113104 0.34563863 0.47403762 
30.119022 0.34584367 0.4740656 
30.124941 0.34604937 0.47409335 
30.130859 0.34625572 0.4741208 
30.136757 0.34646204 0.47414792 
30.142656 0.34666902 0.47417477 
30.148556 0.34687668 0.47420138 
30.154455 0.34708497 0.47422773 
30.160337 0.34729338 0.47425371 
30.166222 0.34750241 0.47427949 
30.172106 0.34771213 0.47430497 
30.17799 0.34792247 0.47433022 
30.183861 0.34813306 0.47435513 
30.189734 0.3483443 0.47437978 
30.195604 0.34855619 0.47440419 
30.201477 0.34876871 0.47442836 
30.207338 0.34898159 0.4744522 
30.213202 0.34919509 0.47447577 
30.219063 0.34940922 0.47449911 
30.224926 0.34962404 0.47452217 
30.230783 0.3498393 0.47454497 
30.236639 0.35005519 0.4745675 
30.242496 0.35027176 0.47458977 
30.248354 0.35048896 0.47461176 
30.25421 0.35070682 0.47463351 
30.260067 0.35092533 0.474655 
30.265923 0.35114446 0.47467622 
30.27178 0.35136428 0.47469717 
30.277639 0.35158485 0.47471789 
30.283499 0.35180607 0.47473833 
30.289358 0.35202795 0.47475851 
30.295218 0.35225046 0.47477844 
30.301085 0.35247397 0.47479814 
30.306953 0.35269812 0.47481754 
30.31282 0.35292295 0.47483671 
30.318689 0.3531484 0.4748556 
30.324568 0.35337496 0.47487429 
30.330446 0.35360214 0.47489268 
30.336325 0.35383001 0.4749108 
30.342203 0.35405853 0.47492868 
30.348103 0.35428849 0.47494635 
30.354 0.3545191 0.47496372 
30.3599 0.35475037 0.47498086 
30.365797 0.35498229 0.4749977 
30.371719 0.35521585 0.47501436 
30.377644 0.35545006 0.47503075 
30.383566 0.35568494 0.47504684 
30.389488 0.35592046 0.4750627 
30.395439 0.35615784 0.47507834 
30.401392 0.35639587 0.47509369 
30.407343 0.35663459 0.4751088 
30.413296 0.35687396 0.47512361 
30.419289 0.35711572 0.47513828 
30.425283 0.35735816 0.47515264 
30.431276 0.35760126 0.47516671 
30.437271 0.35784507 0.47518054 
30.443312 0.35809144 0.47519416 
30.449354 0.35833851 0.47520751 
30.455395 0.35858628 0.47522059 
30.461435 0.35883471 0.47523335 
30.467537 0.35908633 0.47524598 
30.473639 0.35933864 0.47525829 
30.47974 0.35959163 0.47527033 
30.485842 0.35984531 0.4752821 
30.492018 0.36010283 0.4752937 
30.498196 0.36036107 0.47530499 
30.504372 0.36061999 0.47531599 
30.510548 0.36087963 0.47532669 
30.516815 0.36114383 0.47533724 
30.523083 0.36140874 0.47534749 
30.52935 0.3616744 0.47535741 
30.535618 0.36194074 0.47536704 
30.542 0.36221269 0.47537655 
30.548382 0.36248538 0.4753857 
30.554764 0.36275879 0.47539455 
30.561146 0.36303297 0.4754031 
30.567678 0.36331436 0.4754115 
30.574211 0.36359656 0.47541955 
30.580744 0.3638795 0.4754273 
30.587276 0.36416322 0.47543469 
30.594009 0.36445644 0.47544196 
30.600742 0.3647505 0.47544888 
30.607475 0.36504534 0.47545546 
30.614208 0.36534098 0.47546166 
30.621231 0.36565018 0.47546774 
30.628252 0.36596024 0.47547346 
30.635275 0.36627117 0.47547877 
30.642298 0.36658296 0.47548372 
30.649813 0.36691761 0.47548857 
30.657328 0.36725324 0.47549298 
30.664845 0.36758986 0.47549695 
30.672359 0.36792743 0.47550046 
30.681286 0.36832958 0.47550407 
30.69021 0.36873311 0.47550705 
30.699137 0.36913797 0.47550943 
30.708063 0.36954418 0.47551116 
30.715883 0.36990121 0.47551218 
30.723705 0.37025926 0.47551271 
30.731525 0.37061831 0.47551274 
30.739347 0.37097839 0.47551233 
30.746668 0.37131634 0.47551149 
30.75399 0.37165517 0.47551024 
30.761311 0.37199488 0.47550857 
30.768633 0.37233543 0.47550648 
30.775717 0.37266579 0.47550407 
30.782803 0.37299696 0.47550127 
30.789886 0.37332889 0.47549805 
30.796972 0.37366164 0.47549447 
30.803932 0.37398925 0.47549057 
30.810892 0.37431762 0.47548628 
30.817852 0.37464675 0.47548163 
30.824812 0.37497661 0.47547659 
30.831724 0.37530488 0.47547123 
30.838634 0.37563387 0.47546548 
30.845547 0.37596357 0.47545937 
30.852457 0.37629399 0.4754529 
30.859409 0.37662706 0.47544599 
30.866362 0.37696081 0.47543874 
30.873314 0.37729526 0.47543108 
30.880266 0.37763041 0.4754231 
30.887428 0.37797651 0.47541445 
30.894592 0.37832329 0.47540542 
30.901756 0.37867081 0.47539598 
30.90892 0.37901905 0.47538617 
30.916195 0.37937343 0.4753758 
30.92347 0.3797285 0.47536501 
30.930744 0.38008428 0.47535381 
30.938019 0.3804408 0.47534224 
30.944788 0.38077313 0.4753311 
30.951557 0.38110605 0.47531959 
30.958324 0.38143957 0.47530776 
30.965094 0.38177368 0.47529557 
30.971579 0.38209432 0.47528356 
30.978064 0.3824155 0.47527122 
30.984549 0.38273722 0.47525859 
30.991034 0.38305944 0.47524565 
30.997322 0.38337243 0.47523278 
31.003611 0.38368589 0.47521961 
31.009899 0.38399985 0.47520614 
31.016188 0.38431424 0.4751924 
31.02231 0.38462076 0.47517872 
31.028433 0.38492772 0.47516474 
31.034554 0.3852351 0.47515053 
31.040676 0.3855429 0.47513598 
31.046665 0.3858445 0.47512153 
31.052656 0.38614652 0.47510678 
31.058645 0.38644889 0.47509176 
31.064636 0.38675168 0.4750765 
31.070536 0.3870503 0.47506118 
31.076437 0.38734931 0.47504562 
31.082336 0.38764867 0.4750298 
31.088238 0.38794842 0.47501373 
31.094061 0.38824463 0.47499761 
31.099886 0.38854119 0.47498125 
31.105711 0.38883811 0.47496462 
31.111534 0.38913536 0.47494775 
31.117294 0.38942966 0.47493085 
31.123055 0.38972425 0.47491369 
31.128813 0.39001918 0.47489628 
31.134573 0.39031443 0.47487864 
31.140274 0.39060697 0.47486094 
31.145975 0.39089984 0.474843 
31.151676 0.39119297 0.47482482 
31.157377 0.39148641 0.4748064 
31.163021 0.39177716 0.47478795 
31.168663 0.39206815 0.47476926 
31.174305 0.39235944 0.47475037 
31.179949 0.39265099 0.47473124 
31.185556 0.39294097 0.47471198 
31.191162 0.39323121 0.47469252 
31.19677 0.39352173 0.47467285 
31.202377 0.39381251 0.47465295 
31.207958 0.39410213 0.47463289 
31.213539 0.39439198 0.47461262 
31.219118 0.39468208 0.47459215 
31.224699 0.39497244 0.47457147 
31.230253 0.39526162 0.47455063 
31.235807 0.39555103 0.47452962 
31.24136 0.39584064 0.47450837 
31.246914 0.3961305 0.47448692 
31.252441 0.3964192 0.47446534 
31.257969 0.39670807 0.47444355 
31.263494 0.39699715 0.47442153 
31.269022 0.39728647 0.47439933 
31.274536 0.39757523 0.47437698 
31.280048 0.39786422 0.47435439 
31.285563 0.39815336 0.47433162 
31.291075 0.39844275 0.47430861 
31.296577 0.39873171 0.47428545 
31.30208 0.39902085 0.47426209 
31.307583 0.39931017 0.47423851 
31.313086 0.39959967 0.47421473 
31.318579 0.39988893 0.4741908 
31.324074 0.40017837 0.47416663 
31.329569 0.40046793 0.47414228 
31.335062 0.40075767 0.47411773 
31.340553 0.40104735 0.47409299 
31.346045 0.40133721 0.47406805 
31.351534 0.40162718 0.47404289 
31.357025 0.40191731 0.47401753 
31.362516 0.40220767 0.47399196 
31.36801 0.40249819 0.47396621 
31.373501 0.40278882 0.47394025 
31.378994 0.40307957 0.47391409 
31.384489 0.40337059 0.47388771 
31.389982 0.40366173 0.47386116 
31.395477 0.40395296 0.47383437 
31.400972 0.40424433 0.47380742 
31.406477 0.40453637 0.47378018 
31.411982 0.40482852 0.47375277 
31.417486 0.40512079 0.47372517 
31.422991 0.40541315 0.47369736 
31.428507 0.4057062 0.47366929 
31.434025 0.40599936 0.47364104 
31.439541 0.40629262 0.47361261 
31.445057 0.40658596 0.47358394 
31.450588 0.40688023 0.47355503 
31.45612 0.40717456 0.47352591 
31.461653 0.407469 0.47349659 
31.467184 0.40776351 0.47346708 
31.472738 0.40805921 0.47343725 
31.478291 0.408355 0.47340724 
31.483845 0.40865085 0.47337705 
31.489397 0.40894678 0.47334665 
31.494974 0.40924403 0.47331592 
31.500553 0.40954137 0.47328499 
31.50613 0.40983874 0.47325388 
31.511707 0.41013619 0.47322258 
31.517311 0.41043502 0.47319093 
31.522913 0.41073391 0.47315907 
31.528517 0.41103283 0.47312707 
31.534119 0.4113318 0.47309482 
31.539755 0.41163257 0.47306222 
31.545391 0.41193336 0.47302943 
31.551027 0.41223419 0.47299641 
31.556664 0.41253501 0.47296324 
31.562338 0.41283789 0.47292963 
31.568012 0.4131408 0.47289583 
31.573687 0.41344371 0.47286186 
31.579359 0.41374663 0.47282767 
31.585073 0.41405171 0.47279304 
31.590788 0.41435683 0.47275823 
31.596502 0.41466191 0.47272322 
31.602217 0.414967 0.47268802 
31.607979 0.41527456 0.47265235 
31.613739 0.41558212 0.47261646 
31.619499 0.41588965 0.4725804 
31.625259 0.41619718 0.47254413 
31.631073 0.41650742 0.47250736 
31.636885 0.41681767 0.47247037 
31.642698 0.41712788 0.47243318 
31.64851 0.41743806 0.47239581 
31.654381 0.41775131 0.47235787 
31.660252 0.4180645 0.47231975 
31.666122 0.41837767 0.47228143 
31.671993 0.41869077 0.47224289 
31.677927 0.41900724 0.47220373 
31.683861 0.41932368 0.47216439 
31.689796 0.41964003 0.47212484 
31.69573 0.41995636 0.47208512 
31.701738 0.42027643 0.47204468 
31.707745 0.42059648 0.47200406 
31.713751 0.42091644 0.47196326 
31.719759 0.42123631 0.47192222 
31.725845 0.42156038 0.47188047 
31.731934 0.42188436 0.47183847 
31.73802 0.42220828 0.4717963 
31.744108 0.42253208 0.47175393 
31.75029 0.4228608 0.47171068 
31.756472 0.42318943 0.47166723 
31.762653 0.42351794 0.4716236 
31.768835 0.42384633 0.47157973 
31.775126 0.42418039 0.47153491 
31.781414 0.42451429 0.47148985 
31.787704 0.42484808 0.47144461 
31.793995 0.42518175 0.47139916 
31.800404 0.42552161 0.47135261 
31.806814 0.42586133 0.47130588 
31.813223 0.4262009 0.47125891 
31.819633 0.42654032 0.47121173 
31.826185 0.42688709 0.4711633 
31.832735 0.4272337 0.47111464 
31.839287 0.42758015 0.47106576 
31.845839 0.42792642 0.47101668 
31.852554 0.42828116 0.47096613 
31.859268 0.42863569 0.47091538 
31.865984 0.42899004 0.47086436 
31.8727 0.42934421 0.47081316 
31.879614 0.42970869 0.47076017 
31.88653 0.43007296 0.47070694 
31.893444 0.43043703 0.4706535 
31.90036 0.43080086 0.4705998 
31.907536 0.43117818 0.47054386 
31.914713 0.43155524 0.47048762 
31.921888 0.43193206 0.47043118 
31.929066 0.43230858 0.47037446 
31.936684 0.43270802 0.47031403 
31.944302 0.43310711 0.47025329 
31.95192 0.43350592 0.47019225 
31.959538 0.43390438 0.47013098 
31.967993 0.43434638 0.47006264 
31.97645 0.43478799 0.46999395 
31.984907 0.43522915 0.46992493 
31.993364 0.4356699 0.46985561 
32.002102 0.4361248 0.4697836 
32.010838 0.43657926 0.4697113 
32.019577 0.43703324 0.46963862 
32.028313 0.43748674 0.46956563 
32.036266 0.43789923 0.46949884 
32.044224 0.43831134 0.46943179 
32.052177 0.43872303 0.46936446 
32.060135 0.4391343 0.46929687 
32.067776 0.43952909 0.46923164 
32.07542 0.4399235 0.46916619 
32.083065 0.44031751 0.46910048 
32.09071 0.44071111 0.46903449 
32.098167 0.44109482 0.46896988 
32.105629 0.44147813 0.46890503 
32.113087 0.44186109 0.46883994 
32.120548 0.44224364 0.46877465 
32.127892 0.4426198 0.46871012 
32.135235 0.44299561 0.46864536 
32.142578 0.443371 0.46858042 
32.149921 0.443746 0.46851525 
32.157188 0.44411683 0.46845049 
32.164459 0.44448727 0.46838555 
32.17173 0.44485733 0.46832037 
32.178997 0.44522697 0.46825501 
32.186218 0.44559374 0.46818987 
32.193439 0.44596016 0.46812451 
32.200661 0.44632614 0.46805894 
32.207882 0.44669172 0.4679932 
32.21508 0.44705567 0.46792746 
32.222279 0.4474192 0.4678615 
32.229473 0.44778234 0.46779537 
32.236671 0.44814503 0.46772903 
32.243862 0.44850695 0.46766257 
32.251049 0.44886845 0.46759593 
32.25824 0.44922954 0.46752909 
32.26543 0.44959021 0.46746206 
32.272625 0.44995067 0.46739477 
32.279819 0.45031074 0.46732733 
32.287014 0.45067033 0.46725968 
32.294209 0.45102951 0.46719182 
32.301418 0.45138907 0.46712366 
32.308628 0.45174816 0.46705529 
32.315838 0.4521068 0.46698675 
32.323051 0.45246503 0.46691802 
32.330292 0.45282447 0.46684879 
32.337536 0.45318344 0.46677935 
32.34478 0.45354199 0.46670976 
32.352024 0.45390007 0.46663997 
32.35931 0.4542596 0.46656963 
32.366592 0.45461866 0.46649912 
32.373875 0.45497727 0.46642843 
32.381157 0.45533541 0.46635756 
32.388485 0.45569527 0.46628606 
32.395813 0.45605469 0.46621439 
32.403141 0.4564136 0.46614254 
32.410469 0.45677203 0.46607053 
32.417854 0.45713279 0.46599776 
32.42524 0.45749304 0.4659248 
32.432625 0.45785281 0.46585169 
32.44001 0.45821208 0.46577841 
32.447464 0.45857424 0.46570426 
32.454918 0.45893589 0.46562991 
32.462372 0.45929703 0.4655554 
32.469826 0.45965767 0.46548072 
32.477367 0.46002188 0.46540502 
32.484905 0.46038556 0.46532914 
32.492447 0.4607487 0.46525308 
32.499985 0.46111134 0.46517688 
32.507626 0.46147829 0.46509945 
32.515266 0.46184474 0.46502185 
32.522907 0.46221063 0.46494406 
32.530548 0.46257597 0.4648661 
32.538311 0.46294659 0.46478674 
32.546074 0.46331665 0.4647072 
32.553837 0.46368617 0.46462747 
32.5616 0.46405509 0.46454757 
32.569515 0.46443057 0.46446595 
32.577427 0.46480548 0.46438417 
32.585342 0.4651798 0.46430218 
32.593254 0.46555352 0.46422002 
32.601368 0.46593606 0.46413562 
32.609482 0.46631801 0.46405101 
32.617599 0.46669933 0.46396625 
32.625713 0.46708 0.46388128 
32.634121 0.46747378 0.4637931 
32.642529 0.46786687 0.46370468 
32.650936 0.46825927 0.4636161 
32.65934 0.468651 0.46352732 
32.668621 0.46908262 0.46342912 
32.677902 0.46951339 0.46333072 
32.687183 0.46994334 0.46323207 
32.696461 0.47037244 0.46313319 
32.705273 0.47077903 0.46303913 
32.714081 0.47118488 0.4629449 
32.722893 0.47158998 0.46285045 
32.731701 0.47199431 0.46275583 
32.740128 0.47238028 0.46266514 
32.74855 0.47276554 0.4625743 
32.756977 0.47315013 0.46248329 
32.7654 0.47353402 0.46239209 
32.773674 0.47391036 0.46230239 
32.781948 0.47428605 0.4622125 
32.790222 0.47466105 0.46212247 
32.798496 0.4750354 0.46203229 
32.806664 0.47540432 0.46194309 
32.814831 0.47577259 0.46185374 
32.823002 0.47614023 0.46176425 
32.831169 0.47650719 0.4616746 
32.839272 0.4768706 0.46158552 
32.847374 0.47723338 0.46149629 
32.85548 0.47759551 0.46140692 
32.863583 0.47795701 0.46131742 
32.871647 0.47831616 0.46122819 
32.879711 0.47867468 0.46113881 
32.887775 0.47903258 0.46104932 
32.895844 0.47938982 0.46095967 
32.903881 0.47974533 0.46087018 
32.911922 0.48010024 0.46078053 
32.919964 0.4804545 0.46069077 
32.928001 0.48080814 0.46060088 
32.936028 0.48116055 0.46051103 
32.944057 0.48151231 0.46042103 
32.952084 0.48186347 0.4603309 
32.96011 0.48221397 0.46024063 
32.968132 0.48256382 0.46015027 
32.976158 0.48291308 0.46005979 
32.984184 0.48326167 0.45996916 
32.99221 0.48360968 0.45987841 
33.00024 0.48395732 0.45978749 
33.008274 0.48430431 0.45969644 
33.016304 0.4846507 0.45960528 
33.024334 0.48499647 0.45951399 
33.032379 0.48534214 0.45942244 
33.040424 0.48568723 0.45933077 
33.048466 0.48603165 0.45923898 
33.056511 0.48637548 0.4591471 
33.064575 0.48671949 0.45905486 
33.072639 0.4870629 0.4589625 
33.080704 0.48740569 0.45887002 
33.088764 0.48774785 0.45877746 
33.096851 0.48809028 0.45868453 
33.104935 0.48843205 0.45859149 
33.113018 0.4887732 0.45849836 
33.121101 0.48911375 0.45840511 
33.129215 0.48945487 0.45831141 
33.137329 0.48979539 0.45821762 
33.145439 0.49013525 0.45812371 
33.153553 0.49047449 0.45802972 
33.161697 0.49081451 0.45793521 
33.169846 0.49115387 0.45784062 
33.17799 0.4914926 0.45774591 
33.186134 0.49183071 0.45765111 
33.194317 0.49216971 0.45755577 
33.202499 0.49250808 0.45746031 
33.210682 0.49284583 0.4573648 
33.218864 0.49318296 0.45726913 
33.227085 0.49352106 0.45717296 
33.235306 0.49385855 0.45707664 
33.243526 0.49419537 0.45698026 
33.251747 0.49453157 0.45688376 
33.260014 0.49486899 0.45678666 
33.26828 0.49520576 0.45668945 
33.276546 0.4955419 0.45659214 
33.284813 0.49587739 0.45649475 
33.293125 0.49621418 0.4563967 
33.301437 0.49655029 0.45629853 
33.30975 0.49688581 0.4562003 
33.318066 0.49722067 0.45610198 
33.326424 0.49755681 0.45600298 
33.334785 0.49789229 0.45590392 
33.343143 0.49822712 0.45580477 
33.351505 0.49856135 0.45570549 
33.359921 0.49889717 0.45560551 
33.368336 0.49923232 0.4555054 
33.376755 0.49956685 0.45540521 
33.38517 0.49990076 0.45530492 
33.393642 0.50023621 0.45520389 
33.402115 0.50057101 0.4551028 
33.410587 0.50090516 0.45500159 
33.41906 0.50123864 0.45490029 
33.427582 0.50157362 0.45479828 
33.436108 0.50190794 0.45469621 
33.444633 0.50224161 0.45459402 
33.453159 0.50257462 0.45449176 
33.461758 0.50290984 0.45438856 
33.470356 0.5032444 0.45428523 
33.478954 0.50357825 0.45418188 
33.487553 0.5039115 0.45407841 
33.496208 0.50424635 0.45397416 
33.504868 0.50458056 0.45386982 
33.513523 0.5049141 0.45376542 
33.522179 0.505247 0.45366094 
33.530907 0.50558197 0.45355549 
33.539635 0.5059163 0.45344999 
33.548367 0.5062499 0.4533444 
33.557095 0.50658292 0.45323876 
33.565887 0.50691772 0.45313221 
33.574684 0.50725192 0.45302561 
33.583477 0.50758547 0.45291892 
33.59227 0.5079183 0.45281217 
33.601147 0.50825351 0.45270434 
33.61002 0.50858802 0.45259646 
33.618896 0.50892186 0.45248851 
33.627769 0.50925505 0.45238048 
33.636719 0.50959039 0.45227149 
33.645668 0.50992501 0.45216241 
33.654617 0.51025897 0.45205325 
33.663567 0.51059228 0.45194402 
33.6726 0.51092798 0.45183372 
33.681633 0.51126295 0.45172337 
33.690666 0.51159728 0.45161292 
33.699696 0.51193094 0.45150241 
33.708809 0.51226687 0.45139086 
33.717922 0.51260215 0.45127922 
33.727036 0.51293671 0.45116752 
33.736149 0.51327056 0.45105577 
33.74535 0.51360703 0.45094287 
33.754551 0.51394278 0.45082989 
33.763756 0.51427782 0.45071685 
33.772957 0.5146122 0.45060372 
33.782249 0.51494914 0.45048943 
33.791542 0.51528543 0.45037511 
33.800835 0.51562095 0.4502607 
33.810127 0.51595581 0.45014623 
33.819511 0.51629335 0.45003054 
33.828899 0.51663017 0.44991478 
33.838284 0.51696628 0.449799 
33.847672 0.51730174 0.44968313 
33.857151 0.51763982 0.44956604 
33.866634 0.51797718 0.44944888 
33.876114 0.51831388 0.4493317 
33.885593 0.51864982 0.44921443 
33.89518 0.51898873 0.44909585 
33.904762 0.51932687 0.44897717 
33.914345 0.51966435 0.44885847 
33.923931 0.52000105 0.44873974 
33.933617 0.52034074 0.44861963 
33.943306 0.52067965 0.4484995 
33.952991 0.52101785 0.44837931 
33.962681 0.52135527 0.44825906 
33.972481 0.52169603 0.44813731 
33.982285 0.52203602 0.44801554 
33.992085 0.52237535 0.44789371 
34.001888 0.52271384 0.44777185 
34.011806 0.52305573 0.44764847 
34.021729 0.52339685 0.44752502 
34.031647 0.52373719 0.44740152 
34.041565 0.52407688 0.44727799 
34.051609 0.5244199 0.44715291 
34.061649 0.52476215 0.44702777 
34.07169 0.52510369 0.4469026 
34.08173 0.52544445 0.44677737 
34.091892 0.52578872 0.44665056 
34.102058 0.52613217 0.44652373 
34.112225 0.52647489 0.44639683 
34.122387 0.52681684 0.44626987 
34.132683 0.52716243 0.44614127 
34.142979 0.52750725 0.44601262 
34.153271 0.52785122 0.44588393 
34.163567 0.52819449 0.44575521 
34.173996 0.52854151 0.44562477 
34.184425 0.52888769 0.44549429 
34.194851 0.5292331 0.44536376 
34.20528 0.52957773 0.4452332 
34.215847 0.52992612 0.44510087 
34.226414 0.53027374 0.44496852 
34.23698 0.53062057 0.44483611 
34.247547 0.53096664 0.4447037 
34.258266 0.53131682 0.44456935 
34.268986 0.53166628 0.44443494 
34.279705 0.53201491 0.4443005 
34.290421 0.5323627 0.44416606 
34.301296 0.53271478 0.4440296 
34.312172 0.53306603 0.44389313 
34.323044 0.53341651 0.44375664 
34.33392 0.53376615 0.44362009 
34.344963 0.53412044 0.44348139 
34.35601 0.53447396 0.44334266 
34.367054 0.53482664 0.4432039 
34.378098 0.53517848 0.44306514 
34.389328 0.53553534 0.44292402 
34.400555 0.53589135 0.44278288 
34.411785 0.53624654 0.44264171 
34.423012 0.53660089 0.44250053 
34.434429 0.53696036 0.44235691 
34.44585 0.537319 0.4422133 
34.457268 0.53767681 0.44206965 
34.468685 0.53803378 0.441926 
34.480301 0.538396 0.44177985 
34.491917 0.53875738 0.44163367 
34.503532 0.53911787 0.44148746 
34.515152 0.53947753 0.44134125 
34.526981 0.5398429 0.44119233 
34.538811 0.54020739 0.44104341 
34.55064 0.54057103 0.44089445 
34.562469 0.54093373 0.44074547 
34.574528 0.54130256 0.44059363 
34.586586 0.5416705 0.44044176 
34.598644 0.54203755 0.44028988 
34.610706 0.54240364 0.44013801 
34.623013 0.54277641 0.43998295 
34.635323 0.54314828 0.43982792 
34.647629 0.5435192 0.43967286 
34.659939 0.54388922 0.4395178 
34.672543 0.54426712 0.43935904 
34.685146 0.54464406 0.43920025 
34.69775 0.54502004 0.43904147 
34.710354 0.54539508 0.43888268 
34.723297 0.54577923 0.43871963 
34.736237 0.54616237 0.43855658 
34.74918 0.54654449 0.43839356 
34.762123 0.54692566 0.43823051 
34.775436 0.54731673 0.43806279 
34.78875 0.54770684 0.43789509 
34.802063 0.54809582 0.43772736 
34.81538 0.54848385 0.43755969 
34.829128 0.54888344 0.43738654 
34.842876 0.5492819 0.43721339 
34.856625 0.54967928 0.43704027 
34.870369 0.55007565 0.43686718 
34.884686 0.55048722 0.43668693 
34.899002 0.5508976 0.43650672 
34.913319 0.5513069 0.4363265 
34.927635 0.55171502 0.43614635 
34.942871 0.55214822 0.43595457 
34.958111 0.55258012 0.43576285 
34.973351 0.5530107 0.43557113 
34.988586 0.55344009 0.43537948 
35.005585 0.55391753 0.4351657 
35.022583 0.55439347 0.43495196 
35.039581 0.5548678 0.43473828 
35.05658 0.55534065 0.43452466 
35.073154 0.55580014 0.43431643 
35.089725 0.55625814 0.43410826 
35.106297 0.55671477 0.43390012 
35.122868 0.55716991 0.43369204 
35.138233 0.55759066 0.43349916 
35.153599 0.55801022 0.43330634 
35.168968 0.55842859 0.43311355 
35.184334 0.5588457 0.43292081 
35.19928 0.5592503 0.43273339 
35.214226 0.5596537 0.43254602 
35.229172 0.56005603 0.43235871 
35.244118 0.56045729 0.43217143 
35.258839 0.56085134 0.43198708 
35.27356 0.56124431 0.43180275 
35.288277 0.56163627 0.43161848 
35.302998 0.5620271 0.43143427 
35.31757 0.56241292 0.431252 
35.332138 0.56279773 0.43106979 
35.346706 0.56318146 0.43088764 
35.361279 0.56356418 0.43070555 
35.375751 0.56394339 0.43052474 
35.390224 0.56432158 0.43034399 
35.404694 0.56469876 0.43016329 
35.419167 0.56507498 0.42998266 
35.433582 0.56544864 0.42980283 
35.447994 0.56582135 0.4296231 
35.462406 0.5661931 0.42944339 
35.476818 0.56656384 0.42926377 
35.491199 0.5669328 0.42908466 
35.505577 0.5673008 0.42890558 
35.519955 0.56766784 0.42872658 
35.534336 0.56803399 0.42854768 
35.548702 0.56839889 0.42836896 
35.563068 0.56876284 0.42819032 
35.577438 0.56912583 0.42801178 
35.591805 0.56948799 0.42783329 
35.606174 0.56984919 0.42765486 
35.620541 0.5702095 0.4274765 
35.634911 0.57056892 0.42729822 
35.649277 0.57092744 0.42712003 
35.663662 0.57128543 0.42694172 
35.678047 0.57164252 0.4267635 
35.692429 0.57199872 0.42658535 
35.706814 0.57235402 0.42640728 
35.721222 0.57270902 0.42622897 
35.73563 0.57306319 0.42605075 
35.750042 0.57341647 0.42587262 
35.76445 0.57376885 0.42569456 
35.778893 0.57412124 0.42551619 
35.793335 0.57447273 0.42533788 
35.807777 0.57482332 0.42515969 
35.82222 0.57517308 0.42498156 
35.836704 0.57552296 0.42480299 
35.851192 0.57587206 0.42462453 
35.865677 0.57622027 0.42444614 
35.880161 0.57656759 0.42426786 
35.894695 0.57691526 0.42408907 
35.909229 0.57726204 0.42391038 
35.923763 0.57760799 0.42373177 
35.938297 0.5779531 0.42355326 
35.952885 0.57829863 0.42337421 
35.967468 0.57864332 0.42319524 
35.982056 0.57898718 0.42301637 
35.996643 0.57933021 0.42283759 
36.011292 0.57967383 0.42265818 
36.02594 0.58001661 0.42247885 
36.040585 0.58035856 0.42229965 
36.055233 0.58069968 0.42212054 
36.069946 0.58104146 0.42194071 
36.08466 0.58138245 0.42176104 
36.099369 0.58172256 0.42158145 
36.114082 0.58206189 0.42140195 
36.12886 0.58240199 0.42122173 
36.143639 0.5827412 0.42104164 
36.158421 0.58307964 0.42086166 
36.173199 0.58341724 0.42068177 
36.188053 0.58375579 0.42050108 
36.202911 0.58409357 0.42032051 
36.217766 0.58443046 0.42014003 
36.23262 0.58476663 0.41995966 
36.247551 0.58510363 0.4197785 
36.262486 0.58543986 0.41959745 
36.277416 0.58577526 0.41941652 
36.292347 0.58610988 0.41923571 
36.307358 0.58644551 0.41905403 
36.322369 0.58678031 0.41887248 
36.337379 0.58711427 0.41869104 
36.35239 0.58744752 0.41850975 
36.367485 0.58778179 0.41832754 
36.38258 0.58811533 0.41814545 
36.397675 0.58844799 0.41796347 
36.412769 0.58877993 0.41778165 
36.427956 0.58911306 0.41759884 
36.443138 0.58944535 0.41741619 
36.458324 0.58977687 0.41723365 
36.473507 0.59010762 0.41705123 
36.488781 0.59043944 0.41686791 
36.504051 0.59077048 0.41668472 
36.519321 0.59110075 0.41650164 
36.534592 0.59143025 0.41631871 
36.549957 0.59176099 0.41613474 
36.565323 0.59209096 0.41595095 
36.580692 0.59242016 0.41576728 
36.596058 0.59274858 0.41558373 
36.611519 0.59307826 0.41539919 
36.626976 0.59340715 0.41521481 
36.642437 0.59373528 0.41503054 
36.657898 0.59406263 0.41484642 
36.673458 0.59439135 0.41466123 
36.689022 0.59471929 0.41447619 
36.704582 0.59504646 0.41429129 
36.720146 0.59537292 0.41410652 
36.735806 0.59570062 0.41392073 
36.751465 0.59602755 0.41373509 
36.767124 0.59635371 0.41354957 
36.782784 0.59667909 0.41336423 
36.798546 0.59700584 0.41317782 
36.814304 0.59733182 0.41299158 
36.830067 0.59765702 0.41280547 
36.845829 0.59798151 0.4126195 
36.861698 0.59830743 0.4124324 
36.877571 0.59863263 0.41224545 
36.89344 0.59895706 0.41205865 
36.909313 0.59928077 0.411872 
36.925289 0.59960586 0.41168427 
36.941265 0.59993017 0.4114967 
36.957241 0.6002537 0.41130927 
36.973217 0.60057652 0.41112202 
36.989307 0.60090089 0.41093355 
37.005398 0.60122448 0.41074529 
37.021488 0.6015473 0.41055715 
37.037579 0.6018694 0.41036919 
37.053783 0.602193 0.41018006 
37.069988 0.60251588 0.40999112 
37.086193 0.60283798 0.40980229 
37.102398 0.60315937 0.40961367 
37.118713 0.60348219 0.40942389 
37.135029 0.60380423 0.40923429 
37.151344 0.60412556 0.40904486 
37.16766 0.60444617 0.40885559 
37.184101 0.60476846 0.40866503 
37.200542 0.60508996 0.40847468 
37.216984 0.60541075 0.40828446 
37.233425 0.60573083 0.40809444 
37.249985 0.6060524 0.40790322 
37.266544 0.60637325 0.40771216 
37.283104 0.60669339 0.40752131 
37.299664 0.60701275 0.4073306 
37.316341 0.60733366 0.40713874 
37.333019 0.6076538 0.40694705 
37.349697 0.60797322 0.40675551 
37.366375 0.60829192 0.40656418 
37.383175 0.60861218 0.40637159 
37.399979 0.60893172 0.40617922 
37.416779 0.60925055 0.40598702 
37.433578 0.6095686 0.40579501 
37.450508 0.60988832 0.40560171 
37.467438 0.61020732 0.40540862 
37.484367 0.61052561 0.40521571 
37.501297 0.61084312 0.40502298 
37.518353 0.61116236 0.40482897 
37.535412 0.61148083 0.40463513 
37.552471 0.61179852 0.40444151 
37.56953 0.61211556 0.40424809 
37.586716 0.61243415 0.40405342 
37.603901 0.61275202 0.40385893 
37.621086 0.61306918 0.40366465 
37.638271 0.61338556 0.40347058 
37.655594 0.61370379 0.40327513 
37.672916 0.61402124 0.4030799 
37.690243 0.61433798 0.40288484 
37.707565 0.614654 0.40268999 
37.725021 0.6149717 0.40249386 
37.742481 0.61528867 0.40229791 
37.759937 0.61560494 0.40210217 
37.777397 0.61592042 0.40190664 
37.794987 0.61623758 0.40170985 
37.812572 0.61655396 0.40151328 
37.830162 0.61686963 0.40131691 
37.847752 0.61718458 0.40112075 
37.865479 0.61750126 0.40092325 
37.883205 0.61781722 0.40072599 
37.900932 0.61813241 0.40052891 
37.918659 0.61844689 0.40033206 
37.936531 0.61876321 0.40013385 
37.954399 0.6190787 0.39993584 
37.972271 0.61939353 0.39973807 
37.990139 0.61970758 0.39954048 
38.00816 0.62002355 0.39934152 
38.026176 0.6203388 0.39914277 
38.044193 0.62065327 0.39894423 
38.062214 0.62096697 0.39874592 
38.080376 0.62128252 0.39854625 
38.098537 0.62159735 0.39834678 
38.116703 0.62191141 0.39814758 
38.134865 0.62222475 0.39794859 
38.153172 0.62253982 0.39774826 
38.171474 0.62285411 0.39754817 
38.189781 0.62316769 0.39734828 
38.208088 0.62348062 0.39714867 
38.226543 0.62379533 0.39694762 
38.244999 0.62410927 0.39674681 
38.263454 0.62442255 0.39654624 
38.281914 0.62473506 0.39634591 
38.300522 0.62504941 0.39614418 
38.31913 0.62536305 0.39594266 
38.337742 0.62567598 0.3957414 
38.35635 0.62598813 0.39554036 
38.375107 0.62630206 0.39533797 
38.393867 0.62661529 0.39513582 
38.412628 0.62692779 0.39493391 
38.431385 0.62723953 0.39473224 
38.450302 0.62755311 0.39452913 
38.469215 0.62786603 0.3943263 
38.488132 0.62817818 0.3941237 
38.507046 0.62848955 0.39392138 
38.526115 0.62880278 0.39371765 
38.545181 0.62911522 0.39351419 
38.564251 0.62942696 0.39331096 
38.583317 0.62973797 0.39310801 
38.602558 0.63005102 0.39290351 
38.621796 0.63036335 0.39269924 
38.641033 0.6306749 0.39249524 
38.660275 0.63098574 0.39229152 
38.679684 0.6312986 0.39208624 
38.699089 0.63161069 0.39188123 
38.718498 0.63192207 0.39167649 
38.737907 0.63223273 0.39147201 
38.757477 0.63254517 0.39126614 
38.777042 0.63285691 0.39106053 
38.796612 0.63316786 0.39085519 
38.816177 0.63347811 0.39065012 
38.835918 0.63379037 0.3904435 
38.855659 0.63410187 0.39023715 
38.875401 0.63441265 0.3900311 
38.895142 0.63472271 0.38982528 
38.915043 0.6350345 0.38961813 
38.934944 0.63534558 0.38941121 
38.954845 0.63565594 0.38920459 
38.974747 0.63596553 0.38899827 
38.994827 0.6362772 0.38879034 
39.014904 0.6365881 0.38858274 
39.034985 0.63689822 0.38837537 
39.055065 0.63720769 0.38816831 
39.075321 0.63751906 0.38795975 
39.095577 0.63782972 0.38775146 
39.115833 0.63813961 0.38754347 
39.136089 0.63844877 0.38733575 
39.156521 0.63875991 0.38712651 
39.176956 0.63907033 0.38691753 
39.197392 0.63937998 0.38670889 
39.217827 0.63968891 0.38650051 
39.238445 0.63999981 0.38629058 
39.25906 0.64030999 0.38608098 
39.279675 0.64061946 0.38587165 
39.300293 0.64092815 0.38566265 
39.321083 0.64123869 0.38545215 
39.341873 0.64154845 0.38524199 
39.362667 0.64185756 0.38503212 
39.383457 0.64216584 0.38482255 
39.404434 0.6424762 0.3846114 
39.425415 0.64278579 0.38440058 
39.446392 0.64309466 0.38419005 
39.467369 0.64340276 0.38397983 
39.488544 0.64371294 0.38376796 
39.50972 0.64402241 0.38355643 
39.530895 0.64433116 0.38334519 
39.552067 0.64463907 0.38313428 
39.573425 0.64494896 0.38292187 
39.594784 0.64525813 0.38270977 
39.616142 0.64556646 0.382498 
39.637501 0.64587408 0.38228655 
39.65905 0.64618373 0.38207352 
39.680599 0.6464926 0.38186082 
39.702148 0.6468007 0.38164845 
39.723701 0.64710808 0.38143638 
39.745453 0.64741755 0.3812227 
39.767204 0.64772624 0.38100934 
39.788956 0.64803421 0.38079631 
39.810707 0.64834142 0.38058361 
39.832653 0.64865059 0.38036934 
39.854599 0.64895898 0.38015541 
39.876545 0.6492666 0.37994185 
39.898491 0.6495735 0.37972859 
39.920635 0.64988244 0.37951374 
39.94278 0.65019059 0.37929925 
39.964924 0.65049797 0.37908509 
39.987072 0.65080458 0.37887129 
40.00943 0.65111339 0.37865576 
40.031792 0.65142143 0.37844059 
40.05415 0.65172869 0.37822577 
40.076511 0.65203518 0.37801129 
40.099075 0.65234375 0.37779519 
40.121639 0.65265155 0.37757945 
40.144207 0.65295851 0.37736407 
40.166771 0.65326476 0.37714905 
40.189552 0.65357316 0.37693232 
40.212334 0.65388072 0.37671596 
40.235111 0.65418756 0.37649998 
40.257893 0.65449357 0.37628436 
40.280891 0.65480179 0.37606701 
40.30389 0.65510923 0.37585005 
40.326889 0.65541583 0.37563345 
40.349892 0.65572172 0.3754172 
40.373119 0.65602982 0.3751992 
40.396347 0.6563372 0.37498155 
40.419579 0.65664375 0.37476429 
40.442806 0.65694952 0.37454739 
40.466251 0.65725732 0.37432885 
40.489697 0.65756434 0.3741107 
40.513142 0.65787059 0.37389293 
40.536587 0.658176 0.37367555 
40.560265 0.65848368 0.37345639 
40.583942 0.65879059 0.37323761 
40.60762 0.65909672 0.37301922 
40.631298 0.65940201 0.37280121 
40.655209 0.65970945 0.37258145 
40.679119 0.66001618 0.37236211 
40.70303 0.66032207 0.37214315 
40.72694 0.66062719 0.37192458 
40.751083 0.66093439 0.37170428 
40.775223 0.66124088 0.37148437 
40.799366 0.66154647 0.37126487 
40.823509 0.66185129 0.37104577 
40.847893 0.66215837 0.3708249 
40.872276 0.66246456 0.37060446 
40.896656 0.66276997 0.3703844 
40.92104 0.66307461 0.37016475 
40.945671 0.66338152 0.36994326 
40.970306 0.66368765 0.36972219 
40.994938 0.66399288 0.3695015 
41.019569 0.66429734 0.36928126 
41.044449 0.66460401 0.36905923 
41.069324 0.66490984 0.36883762 
41.0942 0.66521484 0.36861646 
41.11908 0.66551906 0.36839569 
41.144222 0.66582561 0.368173 
41.169365 0.66613138 0.36795074 
41.194508 0.66643631 0.36772889 
41.21965 0.66674042 0.36750749 
41.245049 0.66704679 0.36728424 
41.270451 0.66735232 0.36706144 
41.295849 0.66765702 0.36683905 
41.321251 0.66796088 0.36661711 
41.346912 0.66826701 0.36639333 
41.372574 0.66857231 0.36616996 
41.398239 0.66887677 0.36594704 
41.423901 0.66918039 0.36572456 
41.449844 0.6694864 0.36550012 
41.475784 0.66979164 0.36527613 
41.501728 0.67009598 0.36505258 
41.527668 0.67039943 0.36482948 
41.553898 0.67070544 0.36460435 
41.580128 0.67101055 0.3643797 
41.606358 0.67131478 0.3641555 
41.632587 0.67161816 0.36393175 
41.659088 0.67192388 0.36370614 
41.685589 0.67222863 0.36348101 
41.71209 0.67253256 0.36325634 
41.738594 0.67283559 0.3630321 
41.765396 0.67314118 0.36280581 
41.792202 0.67344594 0.36257997 
41.819004 0.6737498 0.36235464 
41.84581 0.67405277 0.36212975 
41.872913 0.67435825 0.3619028 
41.900017 0.67466277 0.36167637 
41.927124 0.67496645 0.36145037 
41.954227 0.67526925 0.36122489 
41.981659 0.67557478 0.3609972 
42.009087 0.67587936 0.36076999 
42.036518 0.67618304 0.36054325 
42.063946 0.67648584 0.36031702 
