0 0.59457123 0.39681128 
0.014324167 0.59476328 0.39666644 
0.028648334 0.59495461 0.39652172 
0.042972501 0.59514529 0.39637715 
0.057296667 0.59533536 0.39623269 
0.071713522 0.59552592 0.39608744 
0.086130373 0.59571588 0.3959423 
0.10054722 0.59590513 0.39579731 
0.11496408 0.59609371 0.39565244 
0.12945591 0.5962826 0.39550698 
0.14394774 0.59647083 0.3953616 
0.15843956 0.59665841 0.39521641 
0.17293139 0.59684527 0.3950713 
0.18750963 0.59703261 0.39492548 
0.20208788 0.59721929 0.3947798 
0.21666613 0.59740525 0.39463428 
0.23124437 0.59759057 0.39448884 
0.24590783 0.59777623 0.39434272 
0.26057127 0.59796125 0.39419675 
0.27523473 0.5981456 0.3940509 
0.28989819 0.59832925 0.39390519 
0.3046391 0.59851319 0.39375883 
0.31938004 0.59869641 0.39361265 
0.33412096 0.59887898 0.39346659 
0.34886187 0.59906089 0.39332068 
0.36369154 0.59924316 0.39317402 
0.37852117 0.59942478 0.39302748 
0.39335084 0.59960568 0.39288113 
0.40818048 0.59978586 0.39273489 
0.4230819 0.59996629 0.39258811 
0.43798333 0.600146 0.39244145 
0.45288476 0.60032499 0.39229494 
0.46778619 0.60050327 0.39214858 
0.48278049 0.60068202 0.39200145 
0.49777475 0.60086 0.39185449 
0.51276904 0.60103732 0.39170766 
0.52776331 0.60121393 0.39156097 
0.54285127 0.60139096 0.39141351 
0.55793917 0.60156727 0.39126623 
0.57302713 0.6017428 0.39111906 
0.5881151 0.60191774 0.39097205 
0.60330003 0.60209304 0.39082426 
0.61848491 0.60226756 0.39067662 
0.63366985 0.60244143 0.39052913 
0.64885473 0.60261458 0.39038178 
0.66410881 0.60278785 0.39023393 
0.67936289 0.60296035 0.3900862 
0.69461697 0.60313213 0.38993865 
0.70987105 0.60330319 0.38979128 
0.7252143 0.6034745 0.38964316 
0.74055755 0.60364515 0.38949522 
0.75590086 0.60381502 0.38934743 
0.77124411 0.60398418 0.38919979 
0.78666556 0.60415351 0.38905159 
0.80208701 0.60432208 0.3889035 
0.81750852 0.60448986 0.38875559 
0.83292997 0.60465699 0.38860786 
0.8484596 0.60482454 0.38845921 
0.86398923 0.60499132 0.38831076 
0.87951887 0.60515738 0.38816246 
0.8950485 0.60532272 0.38801432 
0.91066295 0.60548818 0.38786551 
0.9262774 0.60565293 0.38771689 
0.94189179 0.6058169 0.38756844 
0.95750624 0.60598016 0.38742015 
0.97322136 0.60614365 0.38727105 
0.98893642 0.60630649 0.38712212 
1.0046515 0.6064685 0.38697338 
1.0203665 0.60662979 0.38682479 
1.036164 0.60679114 0.3866756 
1.0519615 0.60695171 0.38652655 
1.0677589 0.60711157 0.38637772 
1.0835564 0.60727066 0.38622901 
1.0994271 0.60742968 0.38607982 
1.1152978 0.60758799 0.38593078 
1.1311684 0.60774547 0.38578191 
1.1470391 0.60790223 0.3856332 
1.1630037 0.60805917 0.3854838 
1.1789682 0.60821527 0.38533458 
1.1949328 0.6083706 0.38518551 
1.2108973 0.60852522 0.38503662 
1.2269344 0.60867971 0.38488725 
1.2429714 0.60883343 0.38473803 
1.2590085 0.60898632 0.38458899 
1.2750455 0.60913849 0.38444012 
1.29118 0.60929078 0.38429055 
1.3073145 0.60944229 0.38414115 
1.323449 0.60959297 0.38399193 
1.3395836 0.60974288 0.38384286 
1.3558137 0.6098929 0.3836931 
1.3720438 0.6100421 0.38354352 
1.3882741 0.61019051 0.38339412 
1.4045042 0.61033815 0.38324493 
1.4208126 0.61048567 0.38309518 
1.4371209 0.61063236 0.3829456 
1.4534292 0.61077827 0.38279623 
1.4697376 0.61092335 0.38264701 
1.4861248 0.61106831 0.38249728 
1.5025117 0.61121249 0.38234773 
1.5188988 0.61135584 0.38219836 
1.5352858 0.61149842 0.38204917 
1.5517395 0.61164069 0.38189957 
1.568193 0.61178213 0.38175017 
1.5846465 0.6119228 0.38160092 
1.6011001 0.61206263 0.38145187 
1.6176602 0.61220253 0.38130206 
1.6342202 0.61234158 0.38115245 
1.6507803 0.61247981 0.38100299 
1.6673404 0.61261725 0.38085374 
1.6839677 0.61275434 0.38070408 
1.700595 0.61289066 0.38055462 
1.7172223 0.61302608 0.38040534 
1.7338496 0.61316067 0.38025624 
1.75054 0.61329496 0.38010678 
1.7672303 0.61342835 0.37995753 
1.7839205 0.61356091 0.37980846 
1.8006108 0.61369264 0.37965956 
1.8173705 0.61382407 0.37951025 
1.8341303 0.61395466 0.37936115 
1.85089 0.61408436 0.37921223 
1.8676498 0.61421317 0.37906352 
1.8845004 0.61434186 0.37891418 
1.9013509 0.61446971 0.37876505 
1.9182013 0.61459666 0.37861612 
1.9350518 0.61472273 0.37846738 
1.9519565 0.61484838 0.37831837 
1.9688612 0.61497313 0.37816957 
1.9857658 0.61509699 0.37802094 
2.0026705 0.61521995 0.37787253 
2.019645 0.61534262 0.37772369 
2.0366194 0.61546433 0.37757507 
2.0535939 0.61558521 0.37742665 
2.0705683 0.61570519 0.37727845 
2.0875912 0.61582464 0.37713 
2.1046143 0.61594319 0.37698177 
2.1216373 0.61606085 0.37683371 
2.1386604 0.61617762 0.37668589 
2.1557336 0.61629385 0.3765378 
2.1728067 0.61640912 0.37638995 
2.1898797 0.61652356 0.37624228 
2.2069528 0.61663711 0.37609482 
2.2240684 0.61675 0.37594721 
2.241184 0.616862 0.3757998 
2.2582996 0.6169731 0.37565261 
2.2754154 0.61708331 0.3755056 
2.2926078 0.6171931 0.37535813 
2.3098001 0.617302 0.37521091 
2.3269925 0.61740994 0.37506387 
2.3441849 0.61751699 0.37491703 
2.3614299 0.61762345 0.37476996 
2.3786747 0.61772895 0.37462312 
2.3959198 0.61783355 0.37447646 
2.4131649 0.61793727 0.37433001 
2.4304106 0.61804003 0.37418377 
2.4476564 0.61814183 0.37403774 
2.4649022 0.61824274 0.37389192 
2.4821479 0.61834276 0.37374631 
2.4994011 0.61844188 0.37360084 
2.5166543 0.61854005 0.37345558 
2.5339077 0.61863726 0.37331054 
2.5511608 0.61873358 0.3731657 
2.5684874 0.61882937 0.37302047 
2.585814 0.6189242 0.37287545 
2.6031406 0.61901814 0.37273061 
2.6204672 0.61911112 0.37258601 
2.6377964 0.61920315 0.37244162 
2.6551259 0.61929423 0.37229741 
2.6724553 0.61938435 0.3721534 
2.6897845 0.61947358 0.37200963 
2.7071354 0.61956191 0.3718659 
2.7244866 0.61964935 0.37172234 
2.7418375 0.61973584 0.37157902 
2.7591884 0.61982131 0.37143591 
2.7765453 0.61990589 0.37129298 
2.7939019 0.61998957 0.37115026 
2.8112588 0.62007225 0.37100774 
2.8286154 0.62015396 0.37086543 
2.8459933 0.62023479 0.37072316 
2.8633711 0.62031472 0.37058112 
2.8807492 0.62039363 0.37043929 
2.8981271 0.6204716 0.37029767 
2.915503 0.62054861 0.37015629 
2.932879 0.62062466 0.37001508 
2.9502549 0.6206997 0.36987412 
2.9676309 0.62077385 0.36973339 
2.9849813 0.62084687 0.36959305 
3.002332 0.62091893 0.36945292 
3.0196824 0.62099004 0.36931303 
3.0370331 0.62106013 0.36917335 
3.0543947 0.62112933 0.36903378 
3.0717564 0.62119758 0.36889443 
3.089118 0.62126482 0.36875528 
3.1064796 0.6213311 0.36861637 
3.1238143 0.6213963 0.36847788 
3.1411493 0.6214605 0.3683396 
3.158484 0.62152374 0.36820152 
3.1758187 0.62158602 0.36806366 
3.1931348 0.62164724 0.36792618 
3.2104506 0.6217075 0.36778891 
3.2277668 0.62176675 0.36765182 
3.2450829 0.62182504 0.36751497 
3.2623734 0.62188226 0.36737853 
3.2796643 0.62193853 0.36724231 
3.2969551 0.62199378 0.36710629 
3.3142459 0.62204808 0.36697051 
3.3315084 0.62210131 0.36683512 
3.3487709 0.62215352 0.36669996 
3.3660336 0.62220478 0.36656502 
3.383296 0.62225503 0.36643031 
3.4005091 0.62230414 0.36629617 
3.4177225 0.6223523 0.36616224 
3.4349356 0.62239951 0.36602852 
3.4521487 0.6224457 0.36589503 
3.4693258 0.62249076 0.36576203 
3.4865029 0.62253493 0.36562923 
3.5036798 0.62257802 0.36549664 
3.5208569 0.62262022 0.36536425 
3.5380051 0.62266129 0.36523229 
3.5551531 0.62270141 0.36510056 
3.5723014 0.62274057 0.36496904 
3.5894494 0.62277865 0.36483771 
3.6065538 0.62281573 0.36470693 
3.6236584 0.62285179 0.36457637 
3.6407628 0.6228869 0.36444601 
3.6578674 0.62292099 0.36431587 
3.6749182 0.62295395 0.36418635 
3.6919689 0.62298596 0.36405703 
3.7090197 0.62301701 0.3639279 
3.7260704 0.62304705 0.36379901 
3.7430637 0.62307596 0.36367074 
3.7600567 0.62310392 0.36354268 
3.77705 0.62313092 0.36341482 
3.7940433 0.62315691 0.36328718 
3.8109887 0.62318182 0.3631601 
3.827934 0.62320578 0.36303324 
3.8448794 0.62322873 0.36290655 
3.8618248 0.62325066 0.36278009 
3.8787146 0.62327158 0.36265424 
3.8956044 0.62329149 0.36252862 
3.9124944 0.62331045 0.36240318 
3.9293842 0.62332839 0.36227795 
3.9462149 0.62334532 0.36215335 
3.9630456 0.62336123 0.36202896 
3.9798763 0.62337613 0.36190477 
3.996707 0.62339008 0.36178079 
4.0134645 0.62340295 0.36165756 
4.0302224 0.62341487 0.36153454 
4.0469799 0.62342584 0.36141169 
4.0637374 0.62343574 0.36128905 
4.0804653 0.62344468 0.36116683 
4.0971928 0.62345266 0.36104482 
4.1139202 0.62345964 0.36092302 
4.1306477 0.6234656 0.3608014 
4.1472836 0.6234706 0.36068067 
4.163919 0.6234746 0.36056012 
4.1805549 0.62347758 0.36043978 
4.1971903 0.6234796 0.36031961 
4.2137651 0.62348062 0.36020011 
4.2303405 0.62348068 0.36008081 
4.2469153 0.62347978 0.35996169 
4.2634907 0.62347782 0.35984278 
4.2799888 0.62347496 0.35972461 
4.2964873 0.62347108 0.35960662 
4.3129854 0.62346625 0.35948884 
4.329484 0.62346047 0.35937127 
4.3459101 0.62345368 0.35925439 
4.3623362 0.62344593 0.35913771 
4.3787622 0.62343723 0.35902125 
4.3951883 0.62342757 0.35890496 
4.4115705 0.6234169 0.35878918 
4.4279528 0.62340528 0.35867357 
4.4443355 0.6233927 0.35855818 
4.4607177 0.62337911 0.35844296 
4.4770203 0.62336463 0.35832852 
4.4933224 0.62334913 0.35821426 
4.509625 0.62333274 0.35810021 
4.5259271 0.62331533 0.35798633 
4.54216 0.62329698 0.35787314 
4.558393 0.62327772 0.35776013 
4.574626 0.62325746 0.35764733 
4.5908585 0.62323624 0.35753471 
4.607018 0.62321419 0.35742277 
4.623178 0.62319112 0.35731104 
4.6393375 0.62316704 0.35719949 
4.6554971 0.62314206 0.35708815 
4.6716061 0.62311614 0.35697731 
4.6877151 0.62308925 0.35686669 
4.703824 0.62306142 0.35675624 
4.7199326 0.62303263 0.356646 
4.7359509 0.62300301 0.35653654 
4.7519693 0.62297243 0.35642728 
4.7679882 0.6229409 0.35631821 
4.7840066 0.62290841 0.35620931 
4.7999487 0.62287509 0.35610113 
4.8158908 0.62284076 0.35599312 
4.8318334 0.62280554 0.35588533 
4.8477755 0.62276936 0.35577768 
4.8636689 0.62273228 0.35567057 
4.8795629 0.62269425 0.35556364 
4.8954563 0.62265527 0.35545689 
4.9113498 0.62261534 0.35535032 
4.9271741 0.62257457 0.3552444 
4.9429979 0.6225329 0.35513866 
4.9588223 0.62249023 0.35503313 
4.9746466 0.6224466 0.35492775 
4.9903793 0.62240231 0.35482317 
5.0061126 0.62235701 0.35471877 
5.0218458 0.62231076 0.35461456 
5.0375791 0.62226361 0.35451052 
5.0532713 0.62221557 0.35440692 
5.068964 0.62216657 0.35430351 
5.0846567 0.62211663 0.35420027 
5.1003489 0.62206572 0.35409725 
5.1159544 0.62201416 0.35399494 
5.1315603 0.62196165 0.35389283 
5.1471658 0.62190819 0.35379088 
5.1627712 0.62185371 0.3536891 
5.1783295 0.62179852 0.35358784 
5.1938882 0.62174237 0.35348675 
5.2094469 0.62168521 0.35338581 
5.2250051 0.62162715 0.35328507 
5.2404709 0.6215685 0.35318512 
5.2559361 0.62150884 0.35308531 
5.2714019 0.62144828 0.35298571 
5.2868676 0.62138677 0.35288626 
5.3022833 0.62132448 0.35278732 
5.317699 0.62126124 0.35268855 
5.3331146 0.6211971 0.35258996 
5.3485303 0.62113196 0.35249156 
5.3638802 0.62106621 0.35239375 
5.3792295 0.62099946 0.35229608 
5.3945789 0.6209318 0.35219863 
5.4099288 0.6208632 0.35210133 
5.425231 0.62079382 0.3520045 
5.4405336 0.62072355 0.35190785 
5.4558358 0.62065232 0.35181138 
5.471138 0.62058014 0.35171509 
5.4863505 0.62050742 0.35161951 
5.5015626 0.62043381 0.35152411 
5.5167751 0.62035918 0.3514289 
5.5319872 0.62028366 0.35133386 
5.5471692 0.62020737 0.35123917 
5.5623507 0.62013012 0.35114464 
5.5775323 0.62005192 0.35105032 
5.5927138 0.61997277 0.35095614 
5.6078205 0.61989313 0.35086259 
5.6229267 0.61981249 0.35076925 
5.6380329 0.61973095 0.35067603 
5.6531396 0.61964846 0.35058302 
5.6682081 0.61956519 0.35049039 
5.6832771 0.61948103 0.35039794 
5.6983457 0.61939597 0.35030568 
5.7134142 0.6193099 0.35021356 
5.7284198 0.6192233 0.350122 
5.7434254 0.61913574 0.3500306 
5.758431 0.61904722 0.34993938 
5.7734365 0.61895782 0.34984833 
5.7883778 0.61886781 0.34975785 
5.8033185 0.61877692 0.34966752 
5.8182597 0.61868507 0.34957737 
5.8332005 0.61859226 0.34948736 
5.8480892 0.61849892 0.34939787 
5.8629775 0.61840457 0.34930852 
5.8778663 0.61830932 0.34921935 
5.8927546 0.61821312 0.34913033 
5.9076109 0.61811626 0.3490417 
5.9224668 0.61801839 0.34895322 
5.9373231 0.61791962 0.34886491 
5.952179 0.61781991 0.34877676 
5.9669714 0.61771971 0.34868917 
5.9817634 0.61761856 0.34860173 
5.9965553 0.61751652 0.34851447 
6.0113473 0.61741352 0.34842736 
6.0260859 0.61730993 0.34834075 
6.0408244 0.61720544 0.34825429 
6.055563 0.61710006 0.34816799 
6.0703015 0.61699367 0.34808186 
6.0850153 0.61688662 0.34799606 
6.0997291 0.61677855 0.3479104 
6.1144428 0.6166696 0.3478249 
6.1291566 0.61655974 0.34773958 
6.1438155 0.61644936 0.34765473 
6.158474 0.61633801 0.34757006 
6.1731329 0.61622572 0.34748554 
6.1877918 0.61611253 0.3474012 
6.2024021 0.6159988 0.34731731 
6.2170124 0.61588413 0.34723356 
6.2316227 0.61576855 0.34714997 
6.246233 0.61565202 0.34706655 
6.2607913 0.61553496 0.34698361 
6.2753496 0.61541706 0.34690082 
6.2899079 0.61529815 0.34681818 
6.3044662 0.61517835 0.34673572 
6.3189969 0.61505783 0.34665358 
6.333528 0.61493641 0.34657159 
6.3480587 0.61481404 0.34648976 
6.3625894 0.61469078 0.3464081 
6.3770976 0.61456674 0.34632674 
6.3916059 0.61444181 0.34624553 
6.4061141 0.61431593 0.34616449 
6.4206223 0.61418915 0.34608361 
6.4350977 0.61406165 0.34600309 
6.449573 0.61393332 0.34592271 
6.4640484 0.61380404 0.34584251 
6.4785242 0.61367381 0.34576246 
6.4929504 0.61354309 0.34568283 
6.5073767 0.61341143 0.34560338 
6.5218029 0.61327893 0.3455241 
6.5362291 0.61314541 0.34544498 
6.5506325 0.61301124 0.34536615 
6.5650363 0.61287612 0.34528747 
6.5794396 0.61274004 0.34520894 
6.5938435 0.61260307 0.34513059 
6.608211 0.6124655 0.3450526 
6.6225781 0.61232704 0.34497476 
6.6369457 0.61218762 0.34489709 
6.6513133 0.61204726 0.34481958 
6.6656528 0.61190629 0.34474239 
6.6799922 0.61176437 0.34466535 
6.6943316 0.6116215 0.34458849 
6.7086711 0.61147773 0.34451178 
6.7230015 0.61133313 0.34443527 
6.7373314 0.61118764 0.34435895 
6.7516618 0.61104119 0.34428278 
6.7659917 0.61089379 0.34420678 
6.7802973 0.61074573 0.34413105 
6.7946029 0.61059672 0.3440555 
6.808908 0.61044681 0.3439801 
6.8232136 0.61029595 0.34390488 
6.837502 0.61014438 0.3438299 
6.85179 0.60999185 0.3437551 
6.8660784 0.60983843 0.34368044 
6.8803663 0.60968405 0.34360597 
6.8946223 0.60952908 0.34353182 
6.9088783 0.60937315 0.34345782 
6.9231343 0.60921633 0.343384 
6.9373903 0.60905862 0.34331033 
6.951633 0.60890007 0.34323689 
6.9658756 0.60874063 0.34316361 
6.9801183 0.60858023 0.3430905 
6.9943604 0.60841888 0.34301755 
7.0086112 0.60825658 0.34294474 
7.0228615 0.60809326 0.34287208 
7.0371122 0.60792905 0.3427996 
7.0513625 0.60776395 0.34272727 
7.0655923 0.60759807 0.34265521 
7.0798221 0.60743129 0.3425833 
7.0940514 0.60726362 0.34251159 
7.1082811 0.60709494 0.34244001 
7.1225162 0.60692531 0.3423686 
7.1367512 0.60675472 0.34229732 
7.1509862 0.60658324 0.34222624 
7.1652212 0.6064108 0.34215531 
7.1794453 0.60623753 0.34208459 
7.1936698 0.60606331 0.34201404 
7.2078938 0.60588819 0.34194365 
7.2221179 0.60571212 0.34187347 
7.2363472 0.60553503 0.34180337 
7.2505765 0.60535699 0.34173349 
7.2648058 0.605178 0.34166375 
7.2790356 0.60499811 0.34159416 
7.293272 0.60481715 0.34152472 
7.3075085 0.6046353 0.34145546 
7.3217454 0.60445243 0.34138635 
7.3359818 0.60426867 0.34131742 
7.3502316 0.60408378 0.34124857 
7.3644814 0.60389793 0.34117991 
7.3787313 0.60371113 0.34111142 
7.3929811 0.60352343 0.34104308 
7.407248 0.60333449 0.34097487 
7.4215155 0.60314459 0.3409068 
7.4357824 0.60295379 0.34083891 
7.4500494 0.60276198 0.34077117 
7.4643302 0.6025691 0.34070355 
7.4786115 0.60237521 0.3406361 
7.4928923 0.60218036 0.34056884 
7.5071731 0.60198462 0.34050173 
7.5214653 0.60178769 0.34043473 
7.5357575 0.60158986 0.34036791 
7.5500498 0.60139102 0.34030128 
7.5643415 0.60119122 0.34023482 
7.5786567 0.60099018 0.34016842 
7.5929713 0.60078818 0.3401022 
7.607286 0.60058516 0.34003615 
7.6216011 0.6003812 0.33997026 
7.6359706 0.6001755 0.33990431 
7.6503401 0.59996885 0.33983853 
7.6647096 0.59976119 0.33977294 
7.6790786 0.59955257 0.33970752 
7.6934896 0.59934241 0.33964208 
7.7079 0.59913123 0.33957684 
7.7223105 0.59891909 0.33951178 
7.736721 0.59870601 0.33944687 
7.7511735 0.59849125 0.33938196 
7.765626 0.59827554 0.33931726 
7.7800784 0.59805888 0.33925271 
7.7945309 0.5978412 0.33918837 
7.8090348 0.59762174 0.33912396 
7.8235383 0.59740132 0.33905974 
7.8380423 0.59717989 0.3389957 
7.8525462 0.59695745 0.33893183 
7.8671117 0.59673309 0.3388679 
7.8816776 0.59650773 0.33880416 
7.8962431 0.59628135 0.33874059 
7.9108086 0.59605402 0.3386772 
7.9254441 0.59582454 0.33861369 
7.9400792 0.59559405 0.33855039 
7.9547148 0.5953626 0.33848727 
7.9693503 0.59513009 0.33842432 
7.9840827 0.59489506 0.33836117 
7.9988151 0.59465897 0.33829823 
8.0135479 0.59442186 0.33823544 
8.0282803 0.59418374 0.33817288 
8.0431223 0.59394282 0.33811003 
8.0579643 0.59370083 0.33804739 
8.0728073 0.59345782 0.33798492 
8.0876493 0.5932138 0.33792266 
8.1025763 0.59296727 0.33786026 
8.1175032 0.59271979 0.33779806 
8.1324301 0.59247118 0.33773604 
8.147357 0.59222156 0.33767423 
8.1623993 0.59196895 0.33761215 
8.1774406 0.59171528 0.33755028 
8.192482 0.59146059 0.33748862 
8.2075233 0.59120476 0.33742717 
8.2227259 0.59094518 0.33736524 
8.2379274 0.59068447 0.33730355 
8.25313 0.59042269 0.33724207 
8.2683315 0.59015983 0.33718079 
8.2836885 0.58989322 0.33711913 
8.2990456 0.58962548 0.33705765 
8.3144016 0.58935666 0.33699641 
8.3297586 0.58908671 0.3369354 
8.3453016 0.58881241 0.33687383 
8.3608437 0.58853698 0.33681253 
8.3763866 0.58826035 0.33675143 
8.3919287 0.58798265 0.33669057 
8.407692 0.58769983 0.33662906 
8.4234552 0.58741587 0.33656779 
8.4392185 0.58713078 0.33650675 
8.4549818 0.5868445 0.33644596 
8.4710188 0.58655208 0.33638433 
8.4870548 0.58625847 0.33632296 
8.5030918 0.58596367 0.33626184 
8.5191278 0.58566767 0.33620095 
8.5354948 0.58536434 0.33613905 
8.5518608 0.58505982 0.33607742 
8.5682278 0.58475399 0.33601603 
8.5845947 0.58444697 0.3359549 
8.6014547 0.58412939 0.33589223 
8.6183147 0.58381051 0.33582979 
8.6351748 0.58349031 0.33576763 
8.6520348 0.5831688 0.33570576 
8.669508 0.58283418 0.33564192 
8.6869812 0.58249825 0.33557838 
8.7044535 0.58216089 0.33551514 
8.7219267 0.5818221 0.3354522 
8.7405005 0.58146048 0.33538562 
8.7590742 0.58109725 0.33531937 
8.777648 0.58073252 0.33525348 
8.7962217 0.58036613 0.33518791 
8.8174353 0.57994586 0.33511344 
8.8386488 0.5795235 0.33503941 
8.8598623 0.57909912 0.33496583 
8.8810759 0.57867265 0.33489272 
8.9019241 0.5782516 0.33482128 
8.9227724 0.57782865 0.33475029 
8.9436207 0.57740366 0.33467972 
8.964469 0.57697678 0.33460963 
8.9828033 0.57659978 0.33454832 
9.0011377 0.57622123 0.33448735 
9.0194721 0.57584125 0.33442676 
9.0378065 0.57545978 0.33436647 
9.0552568 0.5750953 0.33430943 
9.0727062 0.57472944 0.33425269 
9.0901566 0.57436234 0.33419627 
9.1076059 0.5739938 0.33414018 
9.1244678 0.57363647 0.33408627 
9.1413298 0.57327789 0.33403265 
9.1581917 0.57291806 0.33397931 
9.1750536 0.57255703 0.33392629 
9.1915169 0.57220328 0.33387482 
9.2079802 0.57184839 0.33382362 
9.2244434 0.57149231 0.33377269 
9.2409067 0.5711351 0.33372205 
9.2570591 0.57078344 0.33367267 
9.2732115 0.5704307 0.33362356 
9.2893639 0.57007682 0.33357471 
9.3055172 0.56972188 0.33352613 
9.3214397 0.56937087 0.33347854 
9.3373613 0.56901878 0.33343121 
9.3532839 0.56866562 0.33338416 
9.3692064 0.56831139 0.33333737 
9.3849325 0.5679605 0.33329144 
9.4006586 0.56760854 0.33324575 
9.4163847 0.56725556 0.33320037 
9.4321108 0.5669015 0.33315521 
9.4476986 0.5665496 0.33311075 
9.4632864 0.56619662 0.33306655 
9.4788742 0.56584269 0.33302262 
9.494462 0.56548774 0.33297893 
9.5099087 0.565135 0.33293593 
9.5253553 0.56478131 0.33289319 
9.540803 0.5644266 0.33285069 
9.5562496 0.56407094 0.33280846 
9.5716248 0.56371599 0.33276671 
9.5869999 0.56336004 0.33272523 
9.602375 0.56300312 0.33268398 
9.6177502 0.56264526 0.33264303 
9.6330147 0.56228906 0.33260262 
9.6482792 0.56193191 0.33256248 
9.6635437 0.56157386 0.3325226 
9.6788082 0.5612148 0.33248296 
9.6940432 0.56085557 0.33244371 
9.7092781 0.56049544 0.3324047 
9.7245121 0.56013435 0.33236596 
9.739747 0.55977237 0.33232746 
9.7549562 0.5594101 0.33228931 
9.7701654 0.55904692 0.33225143 
9.7853746 0.55868286 0.33221382 
9.8005829 0.55831784 0.33217648 
9.8158388 0.55795085 0.33213928 
9.8310938 0.55758297 0.33210236 
9.8463488 0.5572142 0.33206573 
9.8616047 0.55684453 0.33202934 
9.8768721 0.55647367 0.33199322 
9.8921404 0.55610192 0.33195737 
9.9074087 0.55572933 0.33192179 
9.9226761 0.55535579 0.33188647 
9.938035 0.55497921 0.33185124 
9.953393 0.55460173 0.33181629 
9.9687519 0.55422336 0.3317816 
9.9841108 0.55384409 0.33174723 
9.9995022 0.55346322 0.33171305 
10.014894 0.55308139 0.33167914 
10.030285 0.55269873 0.33164552 
10.045676 0.55231524 0.3316122 
10.061431 0.55192178 0.3315784 
10.077186 0.55152738 0.33154488 
10.09294 0.55113214 0.33151168 
10.108696 0.55073601 0.33147877 
10.124588 0.55033553 0.3314459 
10.14048 0.54993415 0.33141333 
10.156373 0.54953188 0.33138108 
10.172265 0.54912871 0.33134913 
10.188746 0.54870963 0.33131632 
10.205229 0.54828966 0.33128387 
10.22171 0.54786873 0.33125174 
10.238193 0.54744685 0.33121997 
10.254108 0.54703856 0.3311896 
10.270025 0.54662943 0.33115956 
10.285941 0.54621941 0.33112982 
10.301858 0.54580861 0.3311004 
10.317129 0.54541355 0.33107251 
10.332401 0.54501778 0.33104488 
10.347672 0.54462123 0.33101758 
10.362944 0.5442239 0.33099055 
10.377934 0.54383314 0.33096433 
10.392925 0.54344165 0.3309384 
10.407915 0.54304945 0.33091274 
10.422906 0.54265654 0.33088741 
10.437584 0.54227108 0.33086285 
10.452262 0.5418849 0.33083859 
10.46694 0.54149806 0.33081463 
10.481618 0.54111058 0.33079091 
10.496121 0.54072702 0.33076778 
10.510624 0.54034281 0.33074492 
10.525127 0.53995794 0.33072233 
10.53963 0.53957248 0.33070004 
10.554018 0.53918934 0.33067819 
10.568406 0.5388056 0.33065662 
10.582794 0.53842127 0.33063534 
10.597182 0.53803629 0.33061433 
10.611411 0.53765494 0.33059379 
10.62564 0.53727299 0.33057356 
10.639869 0.53689045 0.33055362 
10.654098 0.53650737 0.33053392 
10.668233 0.53612614 0.33051464 
10.682369 0.53574431 0.33049563 
10.696506 0.53536189 0.33047688 
10.710641 0.53497893 0.3304584 
10.724669 0.53459835 0.33044034 
10.738696 0.53421724 0.33042258 
10.752723 0.53383553 0.33040506 
10.76675 0.53345323 0.33038783 
10.780683 0.53307301 0.33037096 
10.794615 0.53269225 0.33035439 
10.808547 0.53231096 0.33033809 
10.822479 0.53192919 0.33032206 
10.836362 0.5315482 0.33030632 
10.850245 0.53116667 0.33029088 
10.864126 0.53078467 0.33027574 
10.878009 0.53040212 0.33026084 
10.891843 0.53002042 0.33024627 
10.905677 0.52963823 0.33023196 
10.919511 0.52925551 0.33021796 
10.933345 0.52887231 0.33020422 
10.947154 0.52848923 0.33019075 
10.960964 0.52810574 0.33017758 
10.974773 0.52772176 0.33016467 
10.988583 0.52733725 0.33015206 
11.00231 0.52695459 0.33013979 
11.016037 0.52657145 0.33012778 
11.029764 0.52618784 0.33011606 
11.04349 0.5258038 0.33010459 
11.057221 0.52541912 0.33009341 
11.070952 0.52503407 0.33008251 
11.084684 0.52464849 0.3300719 
11.098415 0.52426249 0.33006155 
11.112139 0.52387625 0.33005148 
11.125863 0.52348953 0.33004171 
11.139586 0.5231024 0.33003223 
11.153311 0.52271485 0.33002299 
11.167042 0.52232665 0.33001405 
11.180774 0.52193797 0.33000541 
11.194506 0.52154887 0.32999703 
11.208238 0.52115941 0.32998893 
11.221967 0.52076954 0.32998115 
11.235696 0.52037925 0.32997364 
11.249425 0.5199886 0.3299664 
11.263154 0.51959747 0.32995945 
11.276888 0.51920587 0.32995281 
11.290622 0.51881379 0.32994643 
11.304356 0.51842135 0.32994035 
11.318089 0.51802856 0.32993457 
11.331832 0.51763505 0.32992908 
11.345574 0.51724118 0.32992387 
11.359317 0.51684695 0.32991898 
11.373059 0.51645231 0.32991436 
11.386828 0.51605654 0.32991004 
11.400598 0.51566035 0.32990602 
11.414367 0.51526386 0.32990226 
11.428135 0.51486695 0.32989883 
11.441933 0.51446879 0.3298957 
11.455731 0.51407033 0.32989287 
11.469529 0.51367152 0.32989034 
11.483327 0.51327229 0.32988811 
11.497159 0.51287174 0.32988617 
11.510991 0.51247084 0.32988456 
11.524822 0.51206958 0.32988325 
11.538654 0.51166803 0.32988223 
11.552562 0.51126391 0.32988152 
11.566468 0.51085943 0.32988113 
11.580376 0.5104546 0.32988107 
11.594283 0.51004946 0.32988131 
11.608232 0.50964272 0.32988188 
11.622183 0.50923562 0.32988274 
11.636132 0.50882822 0.32988393 
11.650083 0.50842053 0.32988545 
11.664114 0.50801009 0.3298873 
11.678145 0.50759929 0.32988948 
11.692177 0.5071882 0.32989198 
11.706208 0.50677681 0.32989481 
11.720328 0.5063625 0.329898 
11.734448 0.50594789 0.32990152 
11.748569 0.50553298 0.32990536 
11.762689 0.50511771 0.32990956 
11.776899 0.50469953 0.32991412 
11.79111 0.50428098 0.32991901 
11.805321 0.50386214 0.32992426 
11.819531 0.50344306 0.32992983 
11.833842 0.5030207 0.32993579 
11.848152 0.50259811 0.32994211 
11.862462 0.50217515 0.32994878 
11.876773 0.50175196 0.32995582 
11.891207 0.50132483 0.32996327 
11.905641 0.50089735 0.32997108 
11.920074 0.50046962 0.32997924 
11.934508 0.50004166 0.32998776 
11.949093 0.49960893 0.32999673 
11.963676 0.49917597 0.33000609 
11.97826 0.4987427 0.33001584 
11.992845 0.49830917 0.33002594 
12.007576 0.49787098 0.33003655 
12.022307 0.49743256 0.33004752 
12.037039 0.49699384 0.33005887 
12.05177 0.49655488 0.33007061 
12.066749 0.49610829 0.33008298 
12.081727 0.49566147 0.33009571 
12.096705 0.49521437 0.33010885 
12.111684 0.49476704 0.33012241 
12.126911 0.49431202 0.33013663 
12.142138 0.49385676 0.33015123 
12.157366 0.49340123 0.33016625 
12.172593 0.49294549 0.33018172 
12.188056 0.49248242 0.33019787 
12.20352 0.49201909 0.33021444 
12.218983 0.49155554 0.33023143 
12.234447 0.49109176 0.33024889 
12.250299 0.49061608 0.33026725 
12.266151 0.49014017 0.33028606 
12.282003 0.48966402 0.33030537 
12.297856 0.48918763 0.33032513 
12.314289 0.48869359 0.33034611 
12.330721 0.48819932 0.33036759 
12.347154 0.48770481 0.33038959 
12.363586 0.48721007 0.33041209 
12.381 0.4866856 0.3304365 
12.398412 0.48616087 0.33046147 
12.415825 0.48563591 0.33048704 
12.433238 0.48511073 0.33051321 
12.454604 0.48446599 0.33054608 
12.475971 0.48382092 0.33057985 
12.497337 0.48317555 0.33061451 
12.518704 0.48252985 0.33065003 
12.536987 0.48197713 0.33068117 
12.55527 0.48142418 0.33071294 
12.573553 0.48087102 0.33074537 
12.591836 0.48031768 0.33077848 
12.608159 0.47982353 0.33080858 
12.624481 0.47932923 0.33083922 
12.640803 0.47883478 0.33087039 
12.657125 0.47834021 0.3309021 
12.672601 0.47787115 0.33093265 
12.688076 0.47740197 0.3309637 
12.703551 0.47693267 0.3309952 
12.719028 0.47646329 0.33102721 
12.733905 0.47601193 0.33105844 
12.748782 0.47556049 0.33109012 
12.763659 0.47510895 0.33112225 
12.778537 0.47465733 0.33115485 
12.792945 0.47421989 0.33118683 
12.807352 0.47378233 0.33121926 
12.82176 0.47334471 0.3312521 
12.836168 0.47290704 0.33128539 
12.850186 0.47248116 0.33131817 
12.864203 0.47205523 0.33135137 
12.878221 0.4716292 0.33138499 
12.892238 0.47120315 0.33141902 
12.905929 0.47078696 0.33145264 
12.919621 0.47037071 0.33148667 
12.933311 0.4699544 0.33152109 
12.947002 0.46953806 0.3315559 
12.960427 0.46912977 0.33159044 
12.973853 0.46872142 0.33162534 
12.987278 0.46831307 0.33166066 
13.000703 0.46790466 0.33169633 
13.013856 0.46750447 0.33173168 
13.02701 0.46710429 0.33176738 
13.040163 0.46670404 0.33180347 
13.053317 0.4663038 0.33183992 
13.066237 0.46591061 0.3318761 
13.079158 0.4655174 0.33191264 
13.092077 0.46512419 0.33194953 
13.104998 0.46473095 0.33198678 
13.117702 0.46434426 0.33202377 
13.130406 0.46395758 0.33206114 
13.143111 0.46357086 0.33209884 
13.155815 0.46318415 0.3321369 
13.168328 0.46280324 0.33217475 
13.180841 0.46242234 0.33221292 
13.193355 0.46204141 0.33225146 
13.205868 0.4616605 0.33229032 
13.218204 0.46128497 0.33232901 
13.230541 0.4609094 0.33236802 
13.242878 0.46053386 0.33240736 
13.255215 0.46015832 0.33244705 
13.267386 0.45978782 0.33248654 
13.279558 0.45941731 0.33252639 
13.29173 0.45904681 0.33256656 
13.303902 0.45867634 0.33260706 
13.315907 0.4583109 0.33264732 
13.327913 0.45794547 0.33268794 
13.339919 0.45758006 0.33272886 
13.351926 0.45721465 0.33277014 
13.363799 0.4568533 0.33281127 
13.375673 0.45649198 0.33285272 
13.387547 0.45613065 0.3328945 
13.399421 0.45576936 0.33293661 
13.411131 0.45541307 0.33297846 
13.422841 0.45505679 0.33302063 
13.43455 0.45470053 0.33306313 
13.44626 0.4543443 0.33310592 
13.457863 0.45399138 0.33314863 
13.469465 0.45363846 0.33319166 
13.481068 0.4532856 0.33323503 
13.492669 0.45293278 0.33327869 
13.504144 0.45258385 0.3333222 
13.515618 0.45223495 0.33336598 
13.527093 0.45188606 0.33341011 
13.538568 0.45153725 0.33345452 
13.549934 0.45119169 0.33349884 
13.561301 0.45084623 0.33354348 
13.572668 0.45050076 0.33358839 
13.584035 0.45015532 0.33363363 
13.595275 0.44981381 0.33367869 
13.606515 0.44947231 0.33372402 
13.617754 0.44913086 0.33376968 
13.628994 0.44878945 0.3338156 
13.640136 0.44845104 0.33386147 
13.651278 0.4481127 0.3339076 
13.66242 0.44777438 0.33395404 
13.673562 0.44743609 0.3340008 
13.684608 0.44710076 0.33404744 
13.695655 0.44676548 0.33409438 
13.7067 0.44643027 0.33414161 
13.717747 0.44609508 0.33418915 
13.728696 0.4457629 0.33423653 
13.739644 0.44543076 0.33428425 
13.750592 0.4450987 0.33433223 
13.761541 0.44476664 0.33438054 
13.772393 0.44443759 0.3344287 
13.783246 0.44410858 0.33447713 
13.794099 0.44377959 0.33452588 
13.804951 0.44345069 0.33457491 
13.815715 0.4431245 0.33462381 
13.826479 0.44279838 0.33467305 
13.837243 0.44247231 0.33472252 
13.848007 0.44214627 0.33477232 
13.85869 0.44182277 0.33482203 
13.869373 0.44149932 0.33487201 
13.880055 0.44117594 0.33492228 
13.890738 0.44085258 0.33497283 
13.901351 0.44053146 0.33502334 
13.911963 0.44021037 0.33507413 
13.922574 0.43988937 0.33512521 
13.933187 0.43956843 0.33517656 
13.943724 0.43924978 0.33522785 
13.954262 0.4389312 0.33527941 
13.964799 0.43861267 0.33533126 
13.975337 0.4382942 0.33538339 
13.98579 0.43797836 0.33543539 
13.996243 0.4376626 0.33548766 
14.006697 0.43734688 0.33554021 
14.01715 0.43703121 0.33559304 
14.027548 0.4367173 0.33564588 
14.037946 0.43640342 0.33569902 
14.048345 0.43608963 0.3357524 
14.058743 0.43577591 0.33580607 
14.069077 0.43546417 0.33585972 
14.079412 0.43515253 0.3359136 
14.089746 0.43484095 0.33596778 
14.10008 0.43452942 0.33602226 
14.110343 0.43422014 0.33607659 
14.120605 0.43391094 0.33613122 
14.130868 0.4336018 0.33618614 
14.14113 0.43329272 0.3362413 
14.151347 0.4329851 0.33629653 
14.161564 0.43267757 0.33635202 
14.171781 0.4323701 0.33640778 
14.181997 0.43206269 0.33646381 
14.192153 0.43175724 0.33651978 
14.202308 0.43145183 0.33657604 
14.212463 0.43114653 0.33663255 
14.222618 0.4308413 0.33668935 
14.232722 0.43053767 0.33674613 
14.242826 0.43023413 0.3368032 
14.252931 0.42993066 0.33686051 
14.263035 0.42962727 0.33691812 
14.273085 0.42932561 0.33697569 
14.283134 0.42902404 0.33703351 
14.293183 0.42872253 0.33709162 
14.303232 0.42842111 0.33714998 
14.313243 0.42812097 0.33720842 
14.323253 0.42782089 0.3372671 
14.333263 0.4275209 0.33732605 
14.343273 0.42722097 0.3373853 
14.353241 0.42692244 0.33744454 
14.363209 0.42662397 0.33750406 
14.373177 0.42632562 0.33756387 
14.383143 0.42602733 0.33762392 
14.393066 0.42573044 0.33768401 
14.40299 0.42543367 0.33774433 
14.412913 0.42513698 0.33780494 
14.422836 0.42484036 0.3378658 
14.432724 0.42454493 0.33792675 
14.442612 0.42424956 0.33798793 
14.452499 0.42395428 0.33804941 
14.462388 0.42365912 0.33811113 
14.47224 0.42336506 0.33817294 
14.482094 0.42307112 0.33823499 
14.491946 0.42277724 0.33829731 
14.5018 0.42248347 0.33835992 
14.511621 0.42219079 0.33842257 
14.521441 0.42189816 0.33848551 
14.531261 0.42160565 0.33854869 
14.541081 0.42131326 0.33861217 
14.550874 0.42102176 0.33867574 
14.560666 0.42073038 0.33873954 
14.570458 0.42043912 0.33880365 
14.580251 0.42014796 0.33886802 
14.590016 0.41985765 0.33893245 
14.599782 0.4195675 0.33899719 
14.609548 0.4192774 0.33906218 
14.619313 0.41898742 0.33912745 
14.629058 0.41869819 0.33919284 
14.638803 0.41840905 0.33925852 
14.648547 0.41812 0.33932444 
14.658292 0.41783106 0.33939064 
14.668019 0.41754276 0.33945701 
14.677747 0.41725454 0.33952364 
14.687474 0.41696644 0.33959052 
14.697202 0.41667846 0.33965769 
14.706913 0.41639104 0.33972502 
14.716624 0.41610375 0.33979264 
14.726336 0.41581658 0.3398605 
14.736048 0.41552949 0.33992863 
14.745749 0.41524285 0.33999696 
14.755449 0.4149563 0.3400656 
14.765151 0.41466987 0.34013447 
14.774852 0.41438356 0.34020364 
14.784546 0.41409758 0.34027302 
14.79424 0.41381171 0.34034267 
14.803934 0.41352594 0.34041259 
14.813628 0.41324031 0.34048277 
14.823318 0.41295496 0.34055322 
14.833007 0.41266972 0.34062392 
14.842696 0.4123846 0.3406949 
14.852385 0.4120996 0.34076616 
14.862074 0.41181472 0.34083769 
14.871762 0.41152999 0.34090951 
14.881451 0.41124538 0.34098157 
14.89114 0.41096088 0.34105393 
14.900835 0.41067633 0.34112662 
14.91053 0.41039193 0.34119958 
14.920225 0.41010764 0.3412728 
14.92992 0.40982348 0.34134632 
14.939634 0.40953889 0.34142026 
14.949348 0.40925446 0.34149447 
14.959063 0.40897015 0.34156898 
14.968777 0.40868595 0.34164375 
14.978504 0.40840155 0.34171891 
14.988231 0.40811726 0.34179434 
14.997958 0.4078331 0.34187007 
15.007686 0.40754911 0.34194607 
15.017443 0.40726435 0.34202257 
15.0272 0.40697977 0.3420994 
15.036957 0.40669531 0.34217647 
15.046714 0.40641099 0.34225386 
15.056498 0.40612608 0.34233174 
15.06628 0.40584129 0.34240988 
15.076064 0.40555668 0.34248832 
15.085847 0.40527219 0.34256706 
15.095678 0.40498647 0.34264648 
15.10551 0.40470091 0.34272617 
15.115341 0.40441552 0.34280616 
15.125173 0.40413025 0.34288645 
15.135057 0.40384361 0.34296748 
15.144941 0.40355715 0.34304878 
15.154826 0.40327084 0.34313041 
15.164711 0.40298468 0.34321231 
15.174666 0.40269661 0.3432951 
15.184623 0.40240875 0.34337822 
15.194579 0.40212101 0.3434616 
15.204535 0.40183347 0.34354532 
15.214576 0.40154365 0.34363005 
15.224617 0.401254 0.34371507 
15.234657 0.40096453 0.34380043 
15.244699 0.40067524 0.34388608 
15.254848 0.400383 0.34397298 
15.264998 0.40009093 0.34406018 
15.275148 0.39979905 0.34414774 
15.285298 0.39950734 0.34423557 
15.295591 0.39921176 0.34432498 
15.305883 0.39891636 0.34441471 
15.316176 0.39862117 0.34450477 
15.326468 0.39832619 0.34459516 
15.336952 0.3980259 0.34468758 
15.347437 0.39772582 0.34478033 
15.357921 0.39742598 0.34487343 
15.368405 0.39712632 0.34496686 
15.379171 0.39681885 0.34506315 
15.389937 0.39651158 0.3451598 
15.400704 0.39620456 0.34525684 
15.41147 0.39589778 0.34535423 
15.422727 0.39557728 0.34545642 
15.433982 0.39525706 0.345559 
15.445238 0.3949371 0.345662 
15.456493 0.39461738 0.34576538 
15.468493 0.39427689 0.34587604 
15.480492 0.39393666 0.34598711 
15.49249 0.39359677 0.34609866 
15.504489 0.39325717 0.34621066 
15.516656 0.39291316 0.34632471 
15.528822 0.39256945 0.34643921 
15.540989 0.39222607 0.34655416 
15.553156 0.39188302 0.34666958 
15.564213 0.39157155 0.34677491 
15.57527 0.39126039 0.34688058 
15.586327 0.39094946 0.34698665 
15.597383 0.39063886 0.34709314 
15.607942 0.39034247 0.34719515 
15.618501 0.39004639 0.34729755 
15.62906 0.38975054 0.34740028 
15.639618 0.38945496 0.34750336 
15.649844 0.38916895 0.34760353 
15.66007 0.38888317 0.34770405 
15.670297 0.38859767 0.3478049 
15.680524 0.3883124 0.34790608 
15.690502 0.38803431 0.34800512 
15.70048 0.3877565 0.34810448 
15.710459 0.38747889 0.34820417 
15.720437 0.38720155 0.34830415 
15.730227 0.38692969 0.34840256 
15.740016 0.3866581 0.34850129 
15.749805 0.38638675 0.3486003 
15.759595 0.38611564 0.34869963 
15.769217 0.38584939 0.34879756 
15.778841 0.38558337 0.34889579 
15.788464 0.38531762 0.34899431 
15.798086 0.38505208 0.34909314 
15.807574 0.38479057 0.34919089 
15.817061 0.38452926 0.34928888 
15.82655 0.38426819 0.3493872 
15.836037 0.38400739 0.34948578 
15.845407 0.38375005 0.34958345 
15.854777 0.38349298 0.34968138 
15.864147 0.38323614 0.34977958 
15.873517 0.38297954 0.34987807 
15.882786 0.38272595 0.34997579 
15.892055 0.3824726 0.35007375 
15.901323 0.38221949 0.35017204 
15.910592 0.38196665 0.35027057 
15.919769 0.38171655 0.35036838 
15.928946 0.38146672 0.35046649 
15.938123 0.38121712 0.35056487 
15.947299 0.38096777 0.35066351 
15.956393 0.38072091 0.3507615 
15.965487 0.3804743 0.35085979 
15.974581 0.38022795 0.35095835 
15.983674 0.37998185 0.35105717 
15.992697 0.37973791 0.35115546 
16.001719 0.37949422 0.35125402 
16.010742 0.37925079 0.35135284 
16.019764 0.37900761 0.35145193 
16.028723 0.37876639 0.35155058 
16.037682 0.37852544 0.35164949 
16.046642 0.37828472 0.35174868 
16.055601 0.37804425 0.3518481 
16.064505 0.37780553 0.35194716 
16.073408 0.37756705 0.35204646 
16.082312 0.37732884 0.35214603 
16.091215 0.3770909 0.35224587 
16.100073 0.37685445 0.35234544 
16.108931 0.37661824 0.35244524 
16.117786 0.37638229 0.35254532 
16.126644 0.37614661 0.35264564 
16.135452 0.37591246 0.35274565 
16.144262 0.3756786 0.35284594 
16.15307 0.37544498 0.35294646 
16.161879 0.37521163 0.35304722 
16.170654 0.37497947 0.35314783 
16.179428 0.37474754 0.35324872 
16.188202 0.37451589 0.35334983 
16.196978 0.37428451 0.35345119 
16.205717 0.37405428 0.35355243 
16.214458 0.3738243 0.35365391 
16.2232 0.37359458 0.35375562 
16.231941 0.37336516 0.35385758 
16.240656 0.37313667 0.3539595 
16.249372 0.37290847 0.35406163 
16.258087 0.37268054 0.35416403 
16.266802 0.37245288 0.35426667 
16.275496 0.37222603 0.35436928 
16.284189 0.3719995 0.35447216 
16.292883 0.37177321 0.35457528 
16.301577 0.37154722 0.35467863 
16.310253 0.37132198 0.35478202 
16.31893 0.371097 0.35488564 
16.327604 0.37087232 0.3549895 
16.336281 0.37064791 0.3550936 
16.344946 0.37042406 0.35519782 
16.353613 0.37020048 0.35530227 
16.362278 0.36997721 0.35540697 
16.370943 0.3697542 0.3555119 
16.379601 0.36953175 0.35561699 
16.388256 0.36930957 0.35572228 
16.396912 0.36908773 0.35582781 
16.405567 0.36886615 0.35593358 
16.414228 0.36864474 0.35603967 
16.42289 0.36842361 0.35614598 
16.431549 0.36820281 0.35625252 
16.44021 0.36798227 0.35635933 
16.448874 0.367762 0.35646638 
16.457537 0.36754206 0.35657367 
16.4662 0.36732239 0.3566812 
16.474863 0.36710304 0.35678896 
16.483536 0.36688375 0.35689709 
16.492208 0.36666474 0.35700548 
16.500881 0.36644608 0.35711408 
16.509554 0.36622772 0.35722291 
16.51825 0.36600912 0.35733226 
16.526943 0.36579084 0.35744184 
16.535637 0.3655729 0.35755166 
16.544331 0.36535528 0.35766172 
16.553047 0.3651374 0.35777232 
16.561766 0.36491984 0.35788316 
16.570482 0.36470261 0.35799423 
16.579199 0.36448571 0.35810554 
16.587946 0.36426842 0.35821745 
16.596691 0.36405146 0.35832959 
16.605436 0.36383483 0.35844201 
16.614183 0.36361855 0.35855463 
16.622969 0.36340162 0.358668 
16.631752 0.36318508 0.35878161 
16.640537 0.36296883 0.35889548 
16.649323 0.36275294 0.35900956 
16.658155 0.36253625 0.35912451 
16.666986 0.36231992 0.35923973 
16.675819 0.36210391 0.35935515 
16.684652 0.36188826 0.35947084 
16.693542 0.3616716 0.35958752 
16.702431 0.36145526 0.35970443 
16.711321 0.36123931 0.35982159 
16.720211 0.36102372 0.35993901 
16.729174 0.3608067 0.36005765 
16.738138 0.36059007 0.36017653 
16.747103 0.3603738 0.36029565 
16.756067 0.36015791 0.36041504 
16.765116 0.35994038 0.36053577 
16.774162 0.35972324 0.36065677 
16.783211 0.35950649 0.360778 
16.792259 0.35929012 0.36089951 
16.801416 0.35907158 0.36102271 
16.810572 0.3588534 0.36114618 
16.819729 0.35863566 0.36126989 
16.828886 0.35841832 0.36139387 
16.838205 0.35819757 0.36152029 
16.847523 0.35797724 0.36164698 
16.85684 0.35775736 0.36177394 
16.866159 0.3575379 0.36190113 
16.875652 0.35731477 0.36203098 
16.885145 0.35709208 0.3621611 
16.894638 0.35686985 0.36229151 
16.904131 0.35664806 0.36242217 
16.913904 0.35642019 0.36255699 
16.923677 0.3561928 0.36269209 
16.933453 0.35596588 0.36282748 
16.943226 0.35573947 0.36296317 
16.953642 0.35549876 0.36310804 
16.964056 0.35525858 0.36325324 
16.974472 0.35501897 0.36339876 
16.984886 0.35477993 0.36354461 
16.996092 0.35452339 0.36370188 
17.007298 0.35426751 0.3638595 
17.018503 0.35401228 0.36401752 
17.029707 0.35375774 0.36417589 
17.039722 0.35353079 0.36431772 
17.049738 0.35330436 0.36445987 
17.059753 0.35307848 0.3646023 
17.069767 0.35285315 0.36474502 
17.079437 0.3526361 0.3648831 
17.089108 0.35241953 0.36502144 
17.098778 0.35220349 0.36516005 
17.108448 0.35198796 0.36529896 
17.117928 0.35177714 0.36543536 
17.127409 0.35156679 0.36557204 
17.136889 0.35135695 0.36570898 
17.14637 0.35114762 0.36584619 
17.155682 0.35094252 0.36598116 
17.164991 0.3507379 0.36611637 
17.174303 0.35053375 0.36625186 
17.183615 0.35033011 0.36638758 
17.192841 0.3501288 0.36652228 
17.202066 0.34992799 0.36665723 
17.211292 0.34972766 0.36679241 
17.220518 0.34952781 0.36692783 
17.229668 0.34933004 0.36706236 
17.238817 0.34913278 0.36719713 
17.247969 0.34893599 0.36733213 
17.257118 0.34873968 0.36746737 
17.266211 0.34854513 0.36760196 
17.275301 0.34835103 0.36773679 
17.284393 0.34815744 0.36787185 
17.293486 0.34796429 0.36800709 
17.302532 0.34777257 0.36814195 
17.311581 0.34758133 0.36827701 
17.320629 0.34739056 0.36841229 
17.329678 0.34720027 0.3685478 
17.338696 0.34701112 0.36868307 
17.347712 0.34682244 0.36881855 
17.35673 0.34663424 0.36895424 
17.365747 0.34644651 0.36909014 
17.374748 0.34625962 0.36922601 
17.383747 0.34607324 0.36936209 
17.392748 0.34588736 0.36949837 
17.401747 0.34570193 0.36963487 
17.41074 0.34551719 0.36977145 
17.419731 0.34533289 0.36990824 
17.428724 0.3451491 0.37004524 
17.437716 0.34496582 0.37018248 
17.446712 0.34478292 0.37031996 
17.455709 0.3446005 0.37045765 
17.464705 0.34441862 0.37059557 
17.473701 0.34423718 0.37073368 
17.482708 0.3440561 0.37087214 
17.491713 0.3438755 0.37101081 
17.500719 0.34369537 0.37114966 
17.509726 0.34351578 0.37128875 
17.518755 0.34333619 0.3714284 
17.527784 0.34315711 0.37156823 
17.536816 0.34297857 0.3717083 
17.545845 0.3428005 0.37184855 
17.554911 0.34262225 0.37198955 
17.563976 0.34244454 0.37213078 
17.57304 0.3422673 0.37227219 
17.582106 0.34209061 0.37241378 
17.591223 0.34191346 0.37255639 
17.600338 0.34173682 0.37269917 
17.609453 0.34156072 0.37284216 
17.618568 0.34138516 0.37298536 
17.627743 0.34120896 0.3731297 
17.636919 0.34103331 0.37327421 
17.646093 0.34085819 0.37341893 
17.655268 0.34068361 0.37356386 
17.66452 0.3405081 0.37371022 
17.673773 0.34033313 0.37385675 
17.683025 0.34015873 0.37400347 
17.692278 0.33998489 0.37415043 
17.701626 0.33980978 0.37429908 
17.710974 0.33963525 0.37444794 
17.720322 0.3394613 0.37459701 
17.72967 0.33928788 0.37474626 
17.739138 0.33911282 0.37489766 
17.748608 0.33893836 0.37504923 
17.758076 0.33876446 0.37520102 
17.767544 0.33859113 0.37535301 
17.777174 0.3384155 0.37550777 
17.786802 0.33824047 0.37566274 
17.796431 0.33806604 0.37581792 
17.806059 0.33789223 0.37597328 
17.815897 0.3377153 0.37613222 
17.825733 0.33753899 0.37629136 
17.835571 0.3373633 0.37645072 
17.845407 0.33718827 0.37661028 
17.855549 0.33700851 0.376775 
17.86569 0.33682942 0.37693992 
17.875832 0.336651 0.37710506 
17.885973 0.33647329 0.3772704 
17.896597 0.33628783 0.37744385 
17.907221 0.33610314 0.37761754 
17.917845 0.3359192 0.37779143 
17.928467 0.33573604 0.3779656 
17.940329 0.3355324 0.3781603 
17.95219 0.33532971 0.37835526 
17.964052 0.33512795 0.37855053 
17.975912 0.33492717 0.37874606 
17.986891 0.33474216 0.37892729 
17.997869 0.33455798 0.37910873 
18.008848 0.33437461 0.37929043 
18.019827 0.33419204 0.37947235 
18.030083 0.33402222 0.37964249 
18.040339 0.3338531 0.37981287 
18.050594 0.33368471 0.3799834 
18.06085 0.33351704 0.38015416 
18.070717 0.33335641 0.38031861 
18.080585 0.33319643 0.38048324 
18.090452 0.33303711 0.38064805 
18.100319 0.33287844 0.38081303 
18.109928 0.33272457 0.38097388 
18.119537 0.33257136 0.38113487 
18.129147 0.33241874 0.38129604 
18.138756 0.33226678 0.38145736 
18.14814 0.33211896 0.38161507 
18.157524 0.33197176 0.38177294 
18.166908 0.33182514 0.38193095 
18.176292 0.33167914 0.38208911 
18.185532 0.331536 0.38224497 
18.194769 0.33139345 0.38240096 
18.204008 0.3312515 0.38255709 
18.213245 0.33111012 0.38271335 
18.22238 0.33097091 0.38286799 
18.231514 0.33083227 0.38302279 
18.240648 0.33069423 0.3831777 
18.249781 0.33055675 0.38333273 
18.258818 0.33042133 0.38348624 
18.267853 0.33028644 0.38363987 
18.276888 0.33015215 0.38379362 
18.285923 0.3300184 0.38394752 
18.29487 0.32988653 0.38410002 
18.303818 0.32975519 0.38425267 
18.312765 0.32962441 0.3844054 
18.321712 0.32949418 0.38455829 
18.330578 0.3293657 0.38470986 
18.339443 0.32923776 0.38486156 
18.348309 0.32911038 0.38501337 
18.357174 0.32898352 0.3851653 
18.365976 0.32885811 0.38531625 
18.374779 0.32873324 0.38546735 
18.383581 0.3286089 0.38561854 
18.392384 0.3284851 0.38576981 
18.401131 0.32836258 0.38592026 
18.409878 0.32824063 0.38607082 
18.418625 0.32811919 0.38622147 
18.427372 0.32799828 0.38637224 
18.436073 0.32787856 0.38652229 
18.444775 0.32775936 0.38667247 
18.453474 0.32764065 0.3868227 
18.462175 0.32752252 0.38697308 
18.470837 0.32740539 0.38712284 
18.4795 0.32728881 0.38727272 
18.488161 0.32717273 0.38742268 
18.496822 0.32705718 0.38757277 
18.505453 0.32694259 0.38772234 
18.514082 0.32682851 0.38787204 
18.522711 0.32671493 0.38802183 
18.531342 0.32660189 0.38817167 
18.539942 0.32648975 0.38832113 
18.548542 0.32637811 0.38847065 
18.557142 0.32626697 0.38862026 
18.565742 0.32615638 0.38876998 
18.574312 0.32604668 0.38891923 
18.582882 0.32593748 0.38906854 
18.591452 0.32582879 0.38921797 
18.600021 0.32572061 0.38936746 
18.608576 0.32561314 0.38951677 
18.61713 0.32550615 0.38966614 
18.625685 0.3253997 0.38981563 
18.634239 0.32529375 0.38996515 
18.642776 0.32518849 0.39011449 
18.651316 0.32508376 0.39026386 
18.659853 0.32497951 0.39041334 
18.66839 0.3248758 0.39056286 
18.67691 0.32477278 0.3907122 
18.685432 0.32467026 0.39086157 
18.693953 0.32456827 0.39101103 
18.702473 0.32446676 0.39116055 
18.710987 0.32436582 0.39131001 
18.719501 0.32426539 0.39145955 
18.728016 0.32416546 0.39160916 
18.73653 0.32406604 0.39175883 
18.745037 0.32396722 0.39190841 
18.753542 0.3238689 0.39205804 
18.762049 0.32377106 0.39220777 
18.770555 0.32367373 0.39235753 
18.779062 0.32357687 0.3925074 
18.787571 0.32348052 0.39265734 
18.79608 0.32338467 0.39280733 
18.804588 0.3232893 0.39295739 
18.813093 0.32319447 0.39310744 
18.8216 0.32310015 0.39325753 
18.830105 0.32300633 0.3934077 
18.838612 0.32291299 0.39355791 
18.847118 0.32282013 0.39370823 
18.855627 0.32272777 0.39385858 
18.864136 0.32263589 0.39400899 
18.872644 0.32254454 0.39415947 
18.881159 0.32245359 0.39431012 
18.889675 0.32236311 0.39446083 
18.898191 0.32227316 0.39461157 
18.906708 0.3221837 0.39476237 
18.915234 0.32209462 0.39491338 
18.923761 0.32200605 0.39506444 
18.932287 0.32191798 0.39521554 
18.940813 0.32183042 0.39536667 
18.949348 0.32174325 0.39551803 
18.957884 0.32165658 0.39566943 
18.966419 0.3215704 0.39582086 
18.974955 0.32148471 0.39597231 
18.983507 0.32139939 0.39612412 
18.992058 0.32131454 0.39627597 
19.00061 0.3212302 0.39642784 
19.009163 0.32114634 0.39657974 
19.017736 0.3210628 0.39673206 
19.026308 0.32097974 0.39688438 
19.034882 0.32089719 0.39703676 
19.043453 0.32081515 0.39718917 
19.05204 0.32073349 0.39734185 
19.060625 0.32065231 0.39749455 
19.069212 0.32057163 0.39764729 
19.077799 0.32049146 0.39780003 
19.086409 0.32041156 0.39795327 
19.09502 0.32033214 0.39810652 
19.10363 0.32025325 0.39825982 
19.112242 0.32017484 0.39841312 
19.120878 0.32009673 0.3985669 
19.129517 0.3200191 0.39872071 
19.138153 0.31994197 0.39887455 
19.146791 0.31986535 0.39902842 
19.155453 0.31978902 0.39918274 
19.164114 0.31971321 0.39933705 
19.172775 0.31963789 0.3994914 
19.181437 0.31956306 0.39964578 
19.190132 0.31948847 0.39980075 
19.198828 0.31941438 0.39995575 
19.207523 0.3193408 0.40011078 
19.216221 0.31926772 0.40026581 
19.224945 0.31919488 0.40042138 
19.233671 0.31912258 0.40057695 
19.242397 0.31905079 0.40073255 
19.251122 0.3189795 0.40088814 
19.259888 0.31890839 0.40104449 
19.268656 0.31883779 0.40120083 
19.277422 0.31876773 0.40135717 
19.286188 0.31869814 0.40151355 
19.294983 0.31862888 0.4016704 
19.303778 0.31856012 0.40182728 
19.312572 0.31849188 0.40198416 
19.321367 0.31842414 0.402141 
19.330219 0.31835648 0.4022989 
19.339071 0.31828934 0.40245679 
19.347923 0.31822273 0.40261468 
19.356775 0.31815663 0.40277258 
19.365665 0.31809077 0.40293115 
19.374556 0.31802544 0.4030897 
19.383446 0.31796062 0.40324825 
19.392336 0.31789634 0.4034068 
19.401285 0.31783214 0.40356639 
19.410234 0.31776848 0.40372595 
19.419184 0.31770536 0.40388551 
19.428133 0.31764275 0.40404505 
19.43712 0.3175804 0.40420529 
19.446108 0.31751859 0.40436551 
19.455095 0.31745732 0.40452573 
19.464085 0.31739658 0.40468591 
19.473145 0.31733587 0.40484735 
19.482204 0.3172757 0.40500882 
19.491266 0.31721607 0.40517023 
19.500326 0.31715697 0.40533164 
19.509445 0.31709805 0.40549406 
19.518564 0.31703967 0.40565649 
19.527685 0.31698182 0.40581885 
19.536804 0.31692451 0.40598121 
19.54598 0.31686738 0.40614459 
19.555159 0.31681082 0.40630794 
19.564337 0.31675479 0.40647122 
19.573513 0.31669933 0.40663451 
19.582777 0.31664389 0.40679929 
19.592041 0.316589 0.40696403 
19.601303 0.31653467 0.40712875 
19.610567 0.3164809 0.40729341 
19.619923 0.31642714 0.40745968 
19.629278 0.31637397 0.40762591 
19.638634 0.31632137 0.40779212 
19.647987 0.31626934 0.40795827 
19.657421 0.31621742 0.40812576 
19.666855 0.31616607 0.40829322 
19.676289 0.31611532 0.40846062 
19.685722 0.31606513 0.40862799 
19.695261 0.31601498 0.40879717 
19.7048 0.31596538 0.4089663 
19.714338 0.31591639 0.40913537 
19.723877 0.31586799 0.40930441 
19.733536 0.31581956 0.40947551 
19.743193 0.31577173 0.40964654 
19.752851 0.31572449 0.40981752 
19.76251 0.31567785 0.40998843 
19.772282 0.31563127 0.41016129 
19.782053 0.31558532 0.41033411 
19.791824 0.31553996 0.41050684 
19.801596 0.31549519 0.41067952 
19.811539 0.31545031 0.41085514 
19.82148 0.31540602 0.41103068 
19.831423 0.31536236 0.41120616 
19.841364 0.31531936 0.41138157 
19.851513 0.31527609 0.41156054 
19.86166 0.31523347 0.41173941 
19.871809 0.31519151 0.41191822 
19.881956 0.31515017 0.41209695 
19.892338 0.3151086 0.41227967 
19.902718 0.31506771 0.41246229 
19.913097 0.31502748 0.41264483 
19.923477 0.31498793 0.41282728 
19.934252 0.31494761 0.41301656 
19.945024 0.31490803 0.41320571 
19.955799 0.31486917 0.41339478 
19.966572 0.31483102 0.41358376 
19.97827 0.31479046 0.41378877 
19.989965 0.31475073 0.41399366 
20.001663 0.31471187 0.41419843 
20.013359 0.31467387 0.41440305 
20.024553 0.31463832 0.41459876 
20.035748 0.31460351 0.41479436 
20.046942 0.31456953 0.41498983 
20.058136 0.3145363 0.41518515 
20.068848 0.31450525 0.41537195 
20.079559 0.31447491 0.41555861 
20.090273 0.31444529 0.41574514 
20.100985 0.31441638 0.41593158 
20.111361 0.31438905 0.41611204 
20.121738 0.31436241 0.4162924 
20.132116 0.31433642 0.41647264 
20.142494 0.31431109 0.41665274 
20.152708 0.31428683 0.41682991 
20.162924 0.31426322 0.41700697 
20.17314 0.31424025 0.41718388 
20.183355 0.31421793 0.41736069 
20.193411 0.31419656 0.41753459 
20.203466 0.31417584 0.41770837 
20.213522 0.31415576 0.41788203 
20.223577 0.31413627 0.41805556 
20.23353 0.31411764 0.4182272 
20.243483 0.31409958 0.41839871 
20.253437 0.31408215 0.4185701 
20.26339 0.31406534 0.41874135 
20.273241 0.31404927 0.41891071 
20.283091 0.31403384 0.41907993 
20.292942 0.31401899 0.41924903 
20.302792 0.31400475 0.41941798 
20.312542 0.31399122 0.41958508 
20.32229 0.31397831 0.41975203 
20.332039 0.31396598 0.41991886 
20.341789 0.3139542 0.42008555 
20.351482 0.31394309 0.42025116 
20.361176 0.31393257 0.42041662 
20.370871 0.31392261 0.42058197 
20.380564 0.31391323 0.42074716 
20.390196 0.31390449 0.42091119 
20.39983 0.3138963 0.42107508 
20.409464 0.3138887 0.42123884 
20.419098 0.31388167 0.42140245 
20.428673 0.31387523 0.42156494 
20.43825 0.31386936 0.4217273 
20.447826 0.31386408 0.42188951 
20.457403 0.31385934 0.42205161 
20.466927 0.31385517 0.42221266 
20.47645 0.31385157 0.42237356 
20.485975 0.31384853 0.42253432 
20.495499 0.31384605 0.42269492 
20.504971 0.31384414 0.42285451 
20.514442 0.31384277 0.42301393 
20.523914 0.31384194 0.42317322 
20.533388 0.31384167 0.42333236 
20.54281 0.31384197 0.42349052 
20.552233 0.31384277 0.42364854 
20.561655 0.31384414 0.4238064 
20.571077 0.31384608 0.42396408 
20.580465 0.31384853 0.42412105 
20.589851 0.31385151 0.42427787 
20.599239 0.31385505 0.42443451 
20.608627 0.31385911 0.424591 
20.617983 0.31386372 0.42474684 
20.627338 0.31386885 0.4249025 
20.636696 0.31387451 0.42505801 
20.646051 0.31388074 0.42521337 
20.655363 0.31388745 0.4253678 
20.664673 0.31389469 0.42552209 
20.673985 0.31390247 0.42567623 
20.683294 0.31391078 0.42583019 
20.692568 0.3139196 0.42598334 
20.701839 0.31392893 0.42613631 
20.711111 0.31393883 0.42628917 
20.720385 0.3139492 0.42644182 
20.729626 0.31396011 0.42659381 
20.738867 0.31397152 0.42674565 
20.748108 0.31398347 0.42689732 
20.757349 0.31399593 0.42704883 
20.766565 0.31400889 0.42719975 
20.775782 0.31402236 0.42735049 
20.784998 0.3140364 0.42750108 
20.794214 0.31405091 0.42765149 
20.803389 0.3140659 0.42780107 
20.812565 0.31408143 0.4279505 
20.821741 0.31409746 0.42809975 
20.830915 0.314114 0.42824882 
20.840063 0.31413102 0.42839724 
20.849211 0.31414858 0.4285455 
20.858358 0.31416664 0.42869359 
20.867504 0.3141852 0.4288415 
20.876633 0.31420428 0.42898893 
20.885761 0.31422386 0.42913619 
20.89489 0.31424394 0.42928326 
20.904018 0.31426457 0.42943019 
20.913115 0.31428561 0.4295764 
20.922213 0.31430718 0.42972243 
20.931309 0.3143293 0.42986828 
20.940405 0.31435189 0.43001395 
20.949469 0.31437492 0.43015891 
20.958532 0.31439847 0.43030369 
20.967596 0.31442255 0.43044832 
20.976662 0.31444713 0.43059272 
20.985706 0.31447217 0.43073669 
20.994753 0.31449774 0.43088046 
21.003799 0.31452382 0.43102404 
21.012844 0.3145504 0.43116742 
21.021856 0.3145774 0.43131009 
21.030869 0.31460491 0.43145257 
21.039881 0.31463292 0.43159488 
21.048891 0.31466144 0.43173698 
21.057886 0.31469044 0.43187863 
21.066881 0.31471995 0.4320201 
21.075874 0.31474996 0.43216136 
21.084869 0.31478047 0.43230242 
21.093843 0.31481144 0.43244299 
21.102818 0.31484294 0.43258336 
21.111792 0.31487492 0.43272355 
21.120766 0.31490743 0.43286353 
21.129717 0.31494036 0.43300295 
21.138668 0.3149738 0.43314219 
21.147619 0.31500775 0.43328121 
21.15657 0.31504223 0.43342006 
21.165501 0.31507713 0.4335584 
21.174433 0.31511253 0.43369657 
21.183365 0.31514847 0.43383452 
21.192297 0.31518489 0.43397227 
21.201206 0.31522176 0.43410945 
21.210114 0.31525913 0.43424645 
21.219023 0.31529701 0.43438324 
21.22793 0.31533539 0.43451983 
21.236828 0.31537426 0.43465602 
21.245724 0.31541362 0.43479204 
21.254622 0.3154535 0.43492785 
21.263517 0.31549388 0.43506345 
21.272392 0.31553471 0.43519849 
21.281267 0.31557602 0.43533334 
21.290142 0.31561786 0.43546799 
21.299017 0.31566021 0.43560246 
21.30788 0.31570303 0.43573648 
21.316742 0.31574634 0.43587032 
21.325605 0.31579018 0.43600395 
21.334469 0.31583452 0.43613738 
21.343321 0.31587934 0.43627042 
21.352173 0.3159247 0.43640327 
21.361027 0.31597057 0.43653589 
21.369879 0.31601694 0.43666834 
21.378723 0.31606379 0.43680042 
21.387568 0.31611118 0.4369323 
21.396414 0.31615907 0.43706396 
21.405258 0.31620747 0.43719539 
21.414083 0.31625631 0.43732634 
21.422909 0.31630567 0.43745705 
21.431734 0.31635556 0.43758756 
21.440561 0.31640595 0.43771785 
21.449392 0.31645691 0.437848 
21.458223 0.31650841 0.43797794 
21.467056 0.31656042 0.43810767 
21.475887 0.31661296 0.43823716 
21.484707 0.31666595 0.43836623 
21.493525 0.31671947 0.4384951 
21.502344 0.31677353 0.43862373 
21.511162 0.3168281 0.43875211 
21.519979 0.31688321 0.43888029 
21.528797 0.31693885 0.43900821 
21.537615 0.31699502 0.43913594 
21.546432 0.31705174 0.4392634 
21.555252 0.31710899 0.43939069 
21.564074 0.31716681 0.43951774 
21.572893 0.31722516 0.43964458 
21.581713 0.31728402 0.43977118 
21.590538 0.31734347 0.4398976 
21.599365 0.31740347 0.44002381 
21.608191 0.31746402 0.44014975 
21.617016 0.31752512 0.44027549 
21.625847 0.31758678 0.44040108 
21.634678 0.31764901 0.4405264 
21.643509 0.3177118 0.44065148 
21.65234 0.3177751 0.44077635 
21.661184 0.31783909 0.44090113 
21.670027 0.31790361 0.44102567 
21.678871 0.3179687 0.44114998 
21.687716 0.31803432 0.44127405 
21.696581 0.31810069 0.44139817 
21.705448 0.31816763 0.44152206 
21.714314 0.31823513 0.44164571 
21.723181 0.3183032 0.44176909 
21.732069 0.31837201 0.44189253 
21.740957 0.31844139 0.44201571 
21.749846 0.31851134 0.44213864 
21.758734 0.31858185 0.44226134 
21.767651 0.3186532 0.44238412 
21.776566 0.31872508 0.44250667 
21.785482 0.31879759 0.44262898 
21.794397 0.31887066 0.44275102 
21.80335 0.3189446 0.44287327 
21.812302 0.31901917 0.44299525 
21.821253 0.3190943 0.44311699 
21.830206 0.31917006 0.44323847 
21.839201 0.31924677 0.44336027 
21.848198 0.31932411 0.4434818 
21.857193 0.31940204 0.44360304 
21.86619 0.31948057 0.44372404 
21.87524 0.3195602 0.44384548 
21.884293 0.31964046 0.44396666 
21.893343 0.31972134 0.44408756 
21.902393 0.31980285 0.44420817 
21.911516 0.31988564 0.44432947 
21.920637 0.31996903 0.44445047 
21.92976 0.3200531 0.44457117 
21.938881 0.32013777 0.44469157 
21.94809 0.32022393 0.44481286 
21.9573 0.32031074 0.44493383 
21.966509 0.32039821 0.44505453 
21.975718 0.32048634 0.4451749 
21.985027 0.32057613 0.44529635 
21.994339 0.32066658 0.44541743 
22.003651 0.32075775 0.44553825 
22.01296 0.32084957 0.44565874 
22.022408 0.32094344 0.44578069 
22.031853 0.32103801 0.44590229 
22.0413 0.32113332 0.44602358 
22.050747 0.32122931 0.44614458 
22.06036 0.32132775 0.44626734 
22.069973 0.32142693 0.44638979 
22.079586 0.32152689 0.44651189 
22.089199 0.32162756 0.44663367 
22.099037 0.32173139 0.44675794 
22.108875 0.32183599 0.44688183 
22.118713 0.32194138 0.44700539 
22.128551 0.32204759 0.44712859 
22.138721 0.32215822 0.44725555 
22.148891 0.32226971 0.44738215 
22.159061 0.32238206 0.44750834 
22.169231 0.32249528 0.44763416 
22.179976 0.32261583 0.44776663 
22.190722 0.32273737 0.44789869 
22.201466 0.32285988 0.44803029 
22.21221 0.32298335 0.44816148 
22.224085 0.32312098 0.4483059 
22.235958 0.3232598 0.44844979 
22.247831 0.32339981 0.44859314 
22.259705 0.32354107 0.44873592 
22.272404 0.32369354 0.44888806 
22.285105 0.32384741 0.44903955 
22.297804 0.32400268 0.44919041 
22.310505 0.32415938 0.44934064 
22.322899 0.3243137 0.44948661 
22.335293 0.32446939 0.44963199 
22.347687 0.32462645 0.44977674 
22.360079 0.3247849 0.44992086 
22.372641 0.32494691 0.4500663 
22.385201 0.32511035 0.45021108 
22.39776 0.32527521 0.4503552 
22.410322 0.32544157 0.4504987 
22.421694 0.32559341 0.45062807 
22.433065 0.32574648 0.45075688 
22.444437 0.32590076 0.45088518 
22.455809 0.32605624 0.45101291 
22.465874 0.32619488 0.4511255 
22.475939 0.32633448 0.45123768 
22.486002 0.32647502 0.45134944 
22.496067 0.32661656 0.45146075 
22.505444 0.32674929 0.4515641 
22.514822 0.3268829 0.45166704 
22.524199 0.32701734 0.45176962 
22.533577 0.32715264 0.45187184 
22.54253 0.32728261 0.45196906 
22.551481 0.32741335 0.45206594 
22.560434 0.3275449 0.45216247 
22.569387 0.32767725 0.45225865 
22.577971 0.32780486 0.4523505 
22.586552 0.32793319 0.45244205 
22.595133 0.32806227 0.45253327 
22.603716 0.32819209 0.45262417 
22.612005 0.32831818 0.45271167 
22.620295 0.32844496 0.45279884 
22.628584 0.32857245 0.45288575 
22.636873 0.32870063 0.45297229 
22.644905 0.3288255 0.45305589 
22.652937 0.32895103 0.45313922 
22.660969 0.32907724 0.45322222 
22.669001 0.32920411 0.45330495 
22.676828 0.32932839 0.45338529 
22.684654 0.32945329 0.45346534 
22.692482 0.32957885 0.45354512 
22.70031 0.32970506 0.45362464 
22.707945 0.32982877 0.45370191 
22.715578 0.3299531 0.45377892 
22.723213 0.33007804 0.45385566 
22.730848 0.33020359 0.45393214 
22.73831 0.33032694 0.45400661 
22.745773 0.33045086 0.45408085 
22.753235 0.33057538 0.45415482 
22.760696 0.33070052 0.45422855 
22.767996 0.33082348 0.4543004 
22.775295 0.33094704 0.45437199 
22.782595 0.33107117 0.45444337 
22.789896 0.33119589 0.45451447 
22.797068 0.331319 0.45458409 
22.804241 0.33144268 0.45465347 
22.811413 0.3315669 0.45472261 
22.818584 0.33169171 0.45479152 
22.825619 0.33181468 0.45485884 
22.832651 0.33193815 0.45492592 
22.839684 0.33206218 0.45499277 
22.846718 0.33218679 0.45505938 
22.853634 0.33230984 0.45512468 
22.86055 0.33243346 0.4551897 
22.867468 0.33255762 0.45525452 
22.874384 0.33268231 0.45531911 
22.881187 0.33280548 0.45538241 
22.887989 0.33292919 0.4554455 
22.894793 0.33305341 0.45550835 
22.901596 0.33317819 0.45557097 
22.908298 0.33330163 0.45563245 
22.915001 0.33342561 0.45569372 
22.921705 0.3335501 0.45575476 
22.928408 0.33367509 0.45581558 
22.935013 0.3337988 0.45587531 
22.941618 0.33392298 0.45593482 
22.948223 0.3340477 0.4559941 
22.954828 0.33417293 0.45605317 
22.961336 0.33429682 0.45611119 
22.967844 0.33442125 0.45616898 
22.974354 0.33454615 0.45622656 
22.980862 0.33467156 0.45628393 
22.987288 0.33479583 0.45634034 
22.993713 0.33492061 0.45639655 
23.000137 0.3350459 0.45645255 
23.006563 0.33517167 0.45650834 
23.012913 0.33529645 0.45656329 
23.019262 0.33542174 0.45661804 
23.025612 0.33554748 0.45667255 
23.031961 0.33567375 0.45672688 
23.038229 0.33579883 0.45678031 
23.044497 0.33592442 0.45683354 
23.050764 0.33605048 0.45688656 
23.057032 0.33617702 0.45693937 
23.063227 0.33630255 0.45699137 
23.06942 0.33642855 0.45704317 
23.075613 0.336555 0.45709479 
23.081808 0.33668196 0.4571462 
23.087936 0.33680806 0.45719686 
23.094067 0.33693463 0.45724735 
23.100197 0.33706167 0.45729765 
23.106325 0.3371892 0.45734775 
23.112391 0.33731583 0.4573971 
23.118454 0.3374429 0.45744631 
23.124519 0.33757046 0.45749527 
23.130585 0.33769846 0.45754409 
23.136583 0.33782557 0.45759216 
23.142584 0.33795315 0.45764005 
23.148584 0.33808118 0.45768777 
23.154583 0.33820966 0.45773527 
23.160522 0.33833727 0.45778212 
23.166462 0.33846536 0.45782879 
23.1724 0.3385939 0.45787525 
23.178339 0.33872291 0.45792153 
23.184225 0.33885121 0.45796722 
23.190113 0.33897999 0.45801273 
23.195999 0.33910921 0.45805806 
23.201887 0.33923888 0.45810321 
23.207726 0.33936793 0.45814779 
23.213564 0.33949742 0.4581922 
23.219402 0.33962739 0.45823643 
23.225241 0.33975777 0.45828044 
23.23103 0.33988747 0.45832393 
23.236818 0.34001762 0.4583672 
23.242605 0.34014821 0.45841032 
23.248394 0.34027925 0.45845324 
23.254129 0.34040955 0.45849562 
23.259865 0.34054026 0.45853779 
23.2656 0.34067142 0.45857978 
23.271336 0.34080303 0.45862162 
23.27702 0.34093389 0.45866287 
23.282703 0.34106517 0.45870396 
23.288387 0.34119686 0.45874485 
23.294069 0.34132904 0.45878559 
23.299721 0.34146085 0.45882592 
23.305372 0.34159312 0.45886606 
23.311024 0.34172583 0.45890602 
23.316675 0.34185895 0.45894584 
23.322275 0.34199134 0.45898509 
23.327877 0.34212413 0.45902419 
23.333477 0.34225738 0.45906311 
23.339079 0.34239104 0.45910186 
23.344648 0.34252441 0.45914021 
23.35022 0.34265819 0.45917839 
23.355789 0.34279242 0.45921642 
23.361361 0.34292707 0.45925424 
23.366886 0.34306106 0.45929161 
23.372412 0.3431955 0.4593288 
23.377937 0.34333032 0.45936581 
23.383465 0.3434656 0.45940268 
23.388962 0.34360063 0.45943916 
23.394461 0.34373608 0.45947549 
23.39996 0.34387195 0.45951164 
23.405458 0.34400824 0.45954761 
23.410917 0.34414396 0.45958316 
23.416376 0.34428012 0.45961854 
23.421835 0.34441671 0.45965376 
23.427294 0.34455371 0.45968881 
23.432722 0.34469032 0.45972347 
23.43815 0.34482738 0.45975798 
23.443579 0.34496486 0.45979232 
23.449007 0.34510276 0.4598265 
23.454407 0.34524035 0.45986032 
23.459806 0.34537837 0.45989397 
23.465206 0.34551677 0.45992747 
23.470606 0.34565562 0.45996079 
23.475975 0.34579408 0.45999375 
23.481342 0.34593293 0.46002653 
23.486712 0.34607223 0.46005917 
23.492081 0.34621191 0.46009162 
23.497425 0.34635141 0.46012378 
23.502769 0.34649131 0.46015576 
23.508114 0.34663162 0.46018755 
23.513458 0.34677234 0.4602192 
23.518776 0.34691277 0.46025053 
23.524096 0.34705365 0.4602817 
23.529413 0.34719491 0.46031269 
23.534731 0.34733659 0.46034351 
23.54003 0.34747812 0.46037406 
23.545326 0.34762004 0.46040446 
23.550623 0.34776241 0.46043465 
23.55592 0.34790516 0.46046469 
23.561201 0.34804788 0.46049449 
23.566481 0.34819099 0.46052411 
23.57176 0.34833452 0.46055356 
23.577042 0.34847847 0.46058285 
23.5823 0.34862223 0.46061185 
23.587559 0.34876639 0.4606407 
23.592815 0.34891096 0.46066937 
23.598074 0.34905598 0.46069789 
23.603312 0.34920076 0.46072611 
23.608549 0.34934598 0.46075419 
23.613785 0.3494916 0.46078208 
23.619022 0.3496376 0.46080983 
23.624247 0.34978366 0.46083733 
23.629469 0.34993011 0.46086469 
23.634691 0.35007697 0.46089184 
23.639915 0.35022426 0.46091887 
23.645126 0.35037157 0.46094567 
23.650337 0.3505193 0.46097228 
23.655548 0.35066745 0.46099874 
23.660759 0.35081601 0.46102503 
23.665956 0.35096458 0.46105108 
23.671152 0.35111353 0.46107697 
23.67635 0.3512629 0.46110272 
23.681545 0.35141265 0.46112829 
23.686731 0.35156253 0.46115363 
23.691917 0.35171279 0.46117884 
23.697104 0.35186347 0.46120384 
23.70229 0.35201454 0.4612287 
23.707464 0.35216573 0.46125335 
23.712641 0.35231733 0.46127784 
23.717815 0.35246933 0.46130216 
23.72299 0.3526217 0.4613263 
23.728161 0.35277435 0.46135026 
23.73333 0.35292739 0.46137407 
23.738499 0.35308084 0.46139771 
23.743668 0.35323468 0.46142119 
23.748837 0.35338891 0.4614445 
23.754004 0.35354349 0.46146762 
23.759171 0.35369852 0.4614906 
23.764338 0.35385394 0.4615134 
23.769501 0.3540096 0.46153602 
23.774662 0.35416567 0.46155846 
23.779825 0.35432214 0.46158075 
23.784986 0.35447904 0.46160287 
23.790146 0.35463625 0.46162483 
23.795305 0.35479385 0.46164659 
23.800465 0.35495189 0.46166822 
23.805624 0.35511032 0.46168965 
23.810783 0.35526916 0.46171096 
23.815943 0.35542846 0.46173206 
23.821104 0.35558811 0.46175301 
23.826263 0.35574821 0.46177381 
23.831427 0.35590881 0.46179444 
23.83659 0.35606983 0.46181491 
23.841755 0.35623124 0.46183524 
23.846918 0.3563931 0.46185535 
23.852089 0.35655558 0.46187535 
23.857262 0.35671851 0.4618952 
23.862432 0.35688183 0.46191487 
23.867605 0.35704556 0.46193436 
23.872782 0.35720986 0.4619537 
23.877958 0.35737458 0.46197289 
23.883135 0.35753968 0.46199188 
23.888311 0.35770524 0.46201074 
23.893505 0.35787174 0.46202946 
23.898699 0.35803863 0.46204802 
23.903893 0.35820597 0.46206641 
23.909088 0.35837373 0.46208465 
23.914289 0.35854217 0.46210271 
23.919493 0.35871103 0.46212062 
23.924696 0.35888031 0.46213838 
23.929897 0.35905001 0.46215594 
23.935116 0.35922059 0.46217337 
23.940332 0.3593916 0.46219066 
23.945551 0.35956302 0.46220776 
23.950768 0.35973486 0.46222469 
23.956011 0.35990798 0.4622415 
23.961252 0.36008149 0.46225816 
23.966496 0.36025545 0.46227464 
23.971739 0.36042982 0.46229097 
23.977003 0.36060536 0.46230716 
23.982269 0.36078134 0.46232319 
23.987535 0.36095774 0.46233904 
23.992802 0.36113459 0.46235472 
23.998098 0.3613129 0.46237031 
24.003395 0.36149162 0.46238568 
24.008692 0.36167079 0.46240091 
24.013988 0.36185038 0.46241596 
24.019325 0.36203173 0.46243095 
24.02466 0.36221349 0.46244574 
24.029995 0.36239567 0.46246034 
24.03533 0.3625783 0.46247476 
24.040703 0.36276263 0.4624891 
24.046074 0.3629474 0.46250325 
24.051447 0.3631326 0.46251723 
24.05682 0.36331823 0.462531 
24.062237 0.36350593 0.46254471 
24.067656 0.36369404 0.46255824 
24.073072 0.3638826 0.46257156 
24.078491 0.36407161 0.4625847 
24.083969 0.36426318 0.46259782 
24.089447 0.36445519 0.46261069 
24.094927 0.36464766 0.46262342 
24.100405 0.36484057 0.46263593 
24.105949 0.36503628 0.46264839 
24.111494 0.36523247 0.46266067 
24.117039 0.3654291 0.46267274 
24.122583 0.36562622 0.4626846 
24.128204 0.36582649 0.46269643 
24.133825 0.36602724 0.46270806 
24.139446 0.36622843 0.46271947 
24.145065 0.3664301 0.46273071 
24.150787 0.36663589 0.46274191 
24.156509 0.36684218 0.46275291 
24.162231 0.36704892 0.46276367 
24.167952 0.36725616 0.46277425 
24.173794 0.36746827 0.46278483 
24.179636 0.36768085 0.46279517 
24.185476 0.36789396 0.4628053 
24.191319 0.36810756 0.4628152 
24.197311 0.36832723 0.46282515 
24.203306 0.36854744 0.46283484 
24.209299 0.36876816 0.46284431 
24.215292 0.36898941 0.46285352 
24.221497 0.36921898 0.46286285 
24.227701 0.36944911 0.46287191 
24.233906 0.36967981 0.4628807 
24.24011 0.36991107 0.46288925 
24.246632 0.37015471 0.46289799 
24.253153 0.37039897 0.46290642 
24.259672 0.37064382 0.46291462 
24.266193 0.37088931 0.46292248 
24.273338 0.37115896 0.46293083 
24.280483 0.37142932 0.46293882 
24.287628 0.37170044 0.46294647 
24.294773 0.37197226 0.46295381 
24.302416 0.37226385 0.46296129 
24.310061 0.37255627 0.46296838 
24.317705 0.37284949 0.46297508 
24.325348 0.37314355 0.46298143 
24.332178 0.37340695 0.46298677 
24.339006 0.37367097 0.4629918 
24.345835 0.37393564 0.46299651 
24.352665 0.37420094 0.46300095 
24.359169 0.3744542 0.46300489 
24.365671 0.37470803 0.46300852 
24.372175 0.37496242 0.46301192 
24.378679 0.37521738 0.46301502 
24.385 0.37546569 0.46301776 
24.391319 0.37571454 0.46302027 
24.39764 0.37596393 0.4630225 
24.403959 0.37621385 0.46302447 
24.410177 0.37646019 0.46302617 
24.416395 0.37670708 0.4630276 
24.422611 0.37695444 0.46302879 
24.428829 0.3772023 0.46302971 
24.43499 0.37744838 0.4630304 
24.441149 0.37769493 0.46303082 
24.447308 0.37794197 0.46303099 
24.453468 0.3781895 0.46303093 
24.459625 0.3784374 0.46303064 
24.465782 0.37868577 0.4630301 
24.471939 0.37893465 0.4630293 
24.478096 0.37918398 0.46302825 
24.484293 0.37943539 0.46302694 
24.490488 0.37968728 0.46302542 
24.496685 0.37993962 0.4630236 
24.502882 0.38019246 0.46302158 
24.509207 0.38045099 0.46301925 
24.515532 0.38071004 0.46301663 
24.521856 0.38096955 0.4630138 
24.528181 0.38122955 0.46301067 
24.534706 0.38149834 0.46300718 
24.541233 0.38176763 0.46300343 
24.54776 0.3820374 0.4629994 
24.554285 0.38230771 0.46299511 
24.560673 0.38257271 0.46299064 
24.567059 0.38283819 0.4629859 
24.573446 0.38310415 0.4629809 
24.579834 0.38337055 0.46297565 
24.585796 0.3836197 0.4629705 
24.591761 0.38386926 0.46296513 
24.597723 0.38411921 0.46295953 
24.603687 0.38436958 0.46295369 
24.609438 0.3846114 0.46294788 
24.615191 0.3848536 0.46294183 
24.620941 0.38509616 0.46293557 
24.626694 0.38533908 0.4629291 
24.632286 0.38557565 0.4629226 
24.63788 0.38581258 0.46291593 
24.643475 0.38604987 0.46290904 
24.649069 0.38628745 0.46290195 
24.654547 0.38652048 0.46289483 
24.660027 0.3867538 0.4628875 
24.665504 0.38698745 0.46287999 
24.670982 0.38722143 0.4628723 
24.67634 0.38745049 0.46286458 
24.681698 0.38767987 0.46285668 
24.687056 0.38790953 0.4628486 
24.692413 0.38813949 0.46284035 
24.697704 0.38836682 0.46283203 
24.702993 0.38859442 0.46282351 
24.708284 0.38882232 0.46281484 
24.713575 0.38905048 0.46280599 
24.7188 0.38927612 0.46279708 
24.724026 0.38950199 0.46278799 
24.72925 0.38972813 0.46277872 
24.734476 0.38995454 0.4627693 
24.739641 0.39017856 0.46275982 
24.744804 0.39040282 0.46275017 
24.749969 0.39062732 0.46274036 
24.755133 0.39085209 0.46273038 
24.760252 0.39107504 0.4627203 
24.765369 0.39129823 0.46271008 
24.770487 0.39152166 0.46269971 
24.775604 0.3917453 0.46268919 
24.78067 0.39196691 0.46267858 
24.785736 0.39218876 0.46266782 
24.7908 0.39241081 0.46265692 
24.795866 0.39263308 0.46264586 
24.80089 0.39285374 0.46263474 
24.805914 0.39307457 0.46262345 
24.810936 0.39329565 0.462612 
24.81596 0.39351693 0.46260041 
24.82095 0.3937369 0.46258876 
24.825939 0.39395711 0.46257693 
24.830929 0.3941775 0.46256495 
24.835918 0.39439809 0.46255285 
24.840881 0.39461765 0.46254063 
24.845842 0.39483738 0.46252829 
24.850803 0.39505732 0.46251577 
24.855764 0.39527744 0.46250314 
24.860701 0.39549658 0.46249038 
24.865635 0.39571589 0.46247751 
24.870571 0.39593539 0.46246448 
24.875505 0.39615509 0.46245131 
24.880415 0.39637378 0.46243805 
24.885323 0.39659265 0.46242467 
24.890232 0.39681169 0.46241114 
24.895142 0.39703089 0.46239746 
24.90003 0.39724943 0.46238369 
24.904921 0.39746812 0.46236977 
24.909809 0.39768696 0.4623557 
24.9147 0.39790598 0.46234152 
24.919575 0.39812455 0.46232721 
24.924452 0.39834329 0.46231276 
24.929327 0.39856219 0.46229818 
24.934204 0.39878124 0.46228346 
24.93906 0.39899951 0.46226865 
24.943914 0.39921793 0.46225372 
24.948771 0.3994365 0.46223864 
24.953627 0.39965522 0.46222341 
24.958469 0.3998735 0.46220809 
24.96331 0.40009192 0.46219265 
24.968153 0.40031046 0.46217707 
24.972996 0.40052915 0.46216133 
24.977829 0.4007476 0.46214551 
24.982662 0.40096617 0.46212953 
24.987497 0.40118489 0.46211344 
24.992331 0.40140373 0.4620972 
24.997162 0.40162259 0.46208081 
25.001993 0.40184158 0.46206433 
25.006823 0.40206069 0.46204767 
25.011654 0.40227994 0.46203092 
25.016476 0.40249887 0.46201402 
25.021297 0.40271792 0.46199703 
25.026119 0.40293708 0.46197987 
25.030941 0.40315637 0.46196261 
25.035761 0.40337572 0.46194521 
25.040581 0.40359521 0.46192765 
25.045403 0.40381479 0.46191001 
25.050222 0.40403447 0.46189219 
25.055038 0.40425405 0.46187428 
25.059853 0.40447372 0.46185625 
25.064669 0.40469351 0.46183807 
25.069483 0.4049134 0.46181977 
25.074305 0.40513363 0.46180129 
25.079124 0.40535396 0.46178269 
25.083944 0.40557441 0.46176398 
25.088766 0.40579495 0.46174514 
25.093594 0.4060159 0.46172613 
25.098421 0.40623695 0.461707 
25.103249 0.40645808 0.46168771 
25.108076 0.40667933 0.46166831 
25.112902 0.40690055 0.46164879 
25.117727 0.40712184 0.46162915 
25.122553 0.40734324 0.46160936 
25.127378 0.40756473 0.46158949 
25.132214 0.40778676 0.4615694 
25.137049 0.40800884 0.46154919 
25.141886 0.40823102 0.46152887 
25.146721 0.40845329 0.46150839 
25.151564 0.40867603 0.46148777 
25.156408 0.40889883 0.46146703 
25.161253 0.40912169 0.46144614 
25.166096 0.40934464 0.46142513 
25.17095 0.4095681 0.46140397 
25.175804 0.40979165 0.46138266 
25.180656 0.41001526 0.4613612 
25.185511 0.41023892 0.46133965 
25.19038 0.41046339 0.4613179 
25.19525 0.41068792 0.46129599 
25.200121 0.41091251 0.461274 
25.20499 0.41113716 0.46125185 
25.209873 0.41136253 0.46122953 
25.214756 0.41158792 0.46120706 
25.219641 0.41181338 0.46118447 
25.224524 0.41203889 0.46116176 
25.229424 0.41226518 0.46113884 
25.234324 0.41249153 0.46111581 
25.239222 0.41271794 0.46109265 
25.244122 0.41294438 0.46106938 
25.249043 0.4131718 0.46104586 
25.253962 0.41339928 0.4610222 
25.258881 0.41362679 0.46099845 
25.263802 0.41385433 0.46097454 
25.268742 0.41408288 0.46095043 
25.273682 0.41431147 0.46092618 
25.278624 0.41454011 0.4609018 
25.283564 0.41476879 0.4608773 
25.288528 0.41499862 0.46085256 
25.293495 0.41522852 0.46082768 
25.29846 0.41545841 0.46080267 
25.303427 0.41568837 0.46077752 
25.308411 0.41591921 0.46075219 
25.313396 0.41615009 0.46072671 
25.318382 0.416381 0.46070108 
25.323366 0.41661194 0.46067536 
25.328386 0.41684446 0.46064931 
25.333405 0.417077 0.46062315 
25.338425 0.41730955 0.46059686 
25.343443 0.41754213 0.46057045 
25.348492 0.41777608 0.46054375 
25.35354 0.41801003 0.46051693 
25.358589 0.418244 0.46048996 
25.363638 0.41847798 0.4604629 
25.368723 0.4187136 0.46043548 
25.373806 0.41894925 0.46040797 
25.378891 0.41918489 0.46038032 
25.383976 0.41942051 0.46035254 
25.389095 0.4196578 0.46032444 
25.394215 0.41989508 0.46029618 
25.399336 0.42013237 0.46026784 
25.404455 0.42036965 0.46023935 
25.409615 0.42060879 0.4602105 
25.414776 0.42084789 0.46018153 
25.419935 0.42108703 0.46015245 
25.425097 0.42132613 0.46012321 
25.430302 0.42156726 0.46009362 
25.435507 0.42180842 0.46006387 
25.440712 0.42204952 0.46003401 
25.445917 0.42229062 0.460004 
25.451166 0.42253378 0.4599736 
25.456417 0.42277694 0.45994309 
25.461668 0.42302006 0.45991245 
25.466919 0.42326316 0.45988166 
25.472225 0.42350885 0.45985043 
25.477533 0.42375451 0.45981905 
25.48284 0.42400014 0.45978755 
25.488148 0.42424572 0.4597559 
25.493509 0.42449385 0.4597238 
25.498873 0.42474192 0.45969155 
25.504236 0.42498997 0.45965919 
25.5096 0.42523798 0.4596267 
25.515018 0.42548856 0.45959371 
25.520437 0.42573908 0.4595606 
25.525858 0.42598954 0.45952737 
25.531277 0.42623997 0.45949399 
25.536777 0.42649403 0.45945999 
25.542278 0.42674804 0.45942584 
25.547777 0.42700201 0.45939153 
25.553278 0.4272559 0.45935714 
25.558851 0.42751309 0.45932212 
25.564425 0.42777026 0.45928696 
25.569998 0.42802733 0.45925167 
25.575571 0.42828435 0.45921624 
25.581228 0.42854515 0.45918015 
25.586887 0.42880592 0.45914388 
25.592545 0.42906657 0.45910749 
25.598202 0.42932716 0.45907098 
25.603956 0.42959213 0.45903367 
25.609713 0.42985699 0.45899624 
25.615467 0.43012178 0.45895866 
25.621222 0.43038648 0.45892093 
25.627089 0.43065628 0.4588823 
25.632957 0.43092597 0.45884356 
25.638824 0.43119556 0.45880464 
25.644693 0.43146503 0.4587656 
25.650688 0.43174022 0.45872554 
25.656681 0.4320153 0.45868534 
25.662676 0.43229026 0.45864499 
25.668671 0.43256512 0.45860448 
25.674818 0.43284684 0.45856279 
25.680965 0.43312845 0.45852095 
25.687113 0.4334099 0.45847896 
25.69326 0.43369123 0.45843679 
25.69961 0.43398166 0.45839307 
25.705957 0.4342719 0.4583492 
25.712307 0.43456203 0.45830518 
25.718655 0.43485197 0.45826098 
25.72529 0.43515483 0.45821461 
25.731924 0.4354575 0.45816809 
25.738558 0.43575999 0.45812136 
25.745193 0.43606234 0.45807448 
25.752283 0.43638524 0.45802417 
25.759375 0.43670794 0.45797366 
25.766464 0.43703043 0.45792297 
25.773556 0.43735272 0.45787206 
25.78236 0.4377526 0.45780858 
25.791164 0.43815213 0.45774481 
25.799969 0.43855137 0.4576807 
25.808775 0.43895021 0.45761633 
25.816113 0.43928233 0.45756245 
25.82345 0.43961421 0.45750839 
25.830788 0.43994582 0.45745409 
25.838125 0.44027716 0.45739961 
25.845055 0.44058987 0.45734796 
25.851984 0.44090235 0.45729613 
25.858915 0.44121456 0.45724413 
25.865845 0.44152656 0.45719194 
25.872555 0.44182843 0.45714125 
25.879265 0.44213009 0.45709041 
25.885975 0.44243148 0.45703939 
25.892685 0.44273266 0.45698819 
25.899267 0.44302782 0.45693782 
25.905848 0.44332275 0.4568873 
25.91243 0.44361743 0.45683664 
25.91901 0.44391191 0.45678583 
25.925497 0.44420189 0.45673558 
25.931984 0.44449165 0.45668519 
25.938471 0.44478118 0.45663464 
25.944956 0.44507048 0.45658398 
25.95137 0.44535634 0.4565337 
25.957787 0.44564196 0.45648327 
25.964201 0.44592735 0.45643273 
25.970615 0.4462125 0.45638204 
25.976988 0.44649559 0.45633152 
25.983362 0.44677845 0.45628089 
25.989737 0.44706106 0.4562301 
25.996109 0.44734347 0.45617917 
26.002449 0.44762406 0.45612839 
26.008787 0.44790444 0.45607749 
26.015125 0.44818455 0.45602643 
26.021465 0.44846442 0.45597526 
26.027782 0.44874313 0.45592412 
26.0341 0.44902158 0.45587283 
26.040419 0.44929981 0.45582142 
26.046736 0.44957775 0.4557699 
26.053043 0.449855 0.45571834 
26.059349 0.45013201 0.45566663 
26.065657 0.45040879 0.45561481 
26.071964 0.45068526 0.45556283 
26.078266 0.45096135 0.4555108 
26.08457 0.45123717 0.45545861 
26.090874 0.45151272 0.45540631 
26.097176 0.45178804 0.45535389 
26.103481 0.45206314 0.45530134 
26.109785 0.45233801 0.45524865 
26.116091 0.45261261 0.45519584 
26.122395 0.45288694 0.45514292 
26.128712 0.45316154 0.45508975 
26.135027 0.45343587 0.45503649 
26.141344 0.45370993 0.45498309 
26.147661 0.45398372 0.45492956 
26.153988 0.45425773 0.45487583 
26.160316 0.45453146 0.454822 
26.166643 0.45480493 0.45476803 
26.172972 0.45507812 0.45471394 
26.179325 0.45535222 0.45465949 
26.18568 0.45562601 0.45460495 
26.192036 0.45589954 0.45455027 
26.198389 0.45617279 0.45449549 
26.204767 0.45644674 0.45444039 
26.211143 0.45672041 0.45438516 
26.217522 0.45699379 0.45432982 
26.2239 0.4572669 0.45427439 
26.23031 0.4575412 0.45421851 
26.236723 0.45781517 0.45416251 
26.243135 0.45808887 0.45410642 
26.249546 0.45836231 0.45405021 
26.255989 0.4586367 0.45399362 
26.26243 0.45891079 0.4539369 
26.268871 0.45918459 0.4538801 
26.275314 0.45945808 0.45382315 
26.281803 0.45973331 0.45376569 
26.288292 0.4600082 0.45370811 
26.294781 0.4602828 0.45365041 
26.301271 0.4605571 0.4535926 
26.307806 0.46083304 0.45353428 
26.314341 0.46110865 0.45347583 
26.320875 0.46138397 0.4534173 
26.327412 0.46165895 0.45335862 
26.334003 0.46193603 0.45329931 
26.340595 0.4622128 0.45323992 
26.347189 0.46248925 0.4531804 
26.353781 0.46276537 0.45312077 
26.360434 0.46304366 0.45306048 
26.367086 0.46332166 0.45300007 
26.373739 0.46359929 0.45293957 
26.380392 0.46387663 0.45287892 
26.387129 0.46415713 0.45281741 
26.393867 0.46443731 0.45275581 
26.400604 0.46471715 0.45269406 
26.407341 0.46499664 0.45263222 
26.414152 0.46527883 0.45256957 
26.420963 0.46556064 0.45250684 
26.427773 0.4658421 0.45244399 
26.434584 0.46612322 0.45238101 
26.441505 0.46640858 0.45231688 
26.448429 0.46669358 0.45225266 
26.455351 0.46697822 0.45218831 
26.462273 0.46726251 0.45212388 
26.469328 0.46755186 0.45205805 
26.476383 0.46784082 0.45199212 
26.48344 0.4681294 0.45192608 
26.490496 0.46841761 0.45185992 
26.497667 0.46871018 0.45179257 
26.504839 0.46900234 0.4517251 
26.512011 0.4692941 0.4516575 
26.519182 0.46958548 0.45158979 
26.526651 0.46988848 0.45151913 
26.534121 0.47019106 0.45144838 
26.54159 0.47049323 0.45137748 
26.549059 0.47079492 0.45130649 
26.557323 0.47112826 0.45122778 
26.565588 0.47146106 0.45114893 
26.573851 0.47179332 0.45106992 
26.582115 0.47212505 0.45099077 
26.59037 0.47245586 0.45091155 
26.598625 0.4727861 0.45083222 
26.60688 0.47311583 0.45075274 
26.615135 0.47344503 0.4506731 
26.622616 0.47374293 0.4506008 
26.630098 0.47404042 0.45052838 
26.637581 0.47433746 0.45045587 
26.645063 0.47463405 0.45038325 
26.65243 0.47492561 0.45031163 
26.659796 0.47521675 0.4502399 
26.667162 0.47550744 0.45016804 
26.674528 0.47579771 0.4500961 
26.681721 0.47608075 0.45002577 
26.688913 0.47636339 0.44995531 
26.696106 0.47664559 0.44988474 
26.7033 0.4769274 0.44981411 
26.710474 0.47720808 0.44974354 
26.717649 0.47748834 0.44967288 
26.724823 0.47776818 0.4496021 
26.731998 0.47804761 0.44953126 
26.739111 0.47832426 0.44946089 
26.746225 0.47860053 0.44939047 
26.753338 0.47887638 0.44931993 
26.760452 0.47915182 0.4492493 
26.767521 0.47942516 0.44917902 
26.774591 0.47969812 0.44910866 
26.78166 0.47997066 0.44903821 
26.788731 0.48024282 0.44896767 
26.795794 0.48051432 0.44889709 
26.802856 0.48078543 0.44882643 
26.809919 0.48105615 0.44875568 
26.816982 0.48132646 0.44868484 
26.82402 0.48159543 0.44861418 
26.83106 0.48186401 0.44854343 
26.838099 0.48213217 0.44847259 
26.845137 0.48239994 0.44840169 
26.852161 0.48266685 0.44833082 
26.859188 0.48293337 0.44825986 
26.866213 0.48319951 0.44818881 
26.87324 0.48346522 0.4481177 
26.880266 0.48373058 0.44804651 
26.887293 0.48399556 0.44797522 
26.89432 0.48426014 0.44790384 
26.901346 0.48452434 0.44783241 
26.908373 0.48478815 0.44776088 
26.9154 0.48505154 0.44768929 
26.922426 0.48531455 0.44761762 
26.929453 0.4855772 0.44754586 
26.936485 0.48583966 0.44747397 
26.94352 0.48610172 0.447402 
26.950552 0.48636341 0.44732994 
26.957584 0.48662472 0.44725782 
26.964622 0.48688576 0.44718558 
26.971661 0.48714644 0.44711328 
26.978699 0.4874067 0.44704089 
26.985735 0.48766661 0.44696841 
26.992779 0.4879263 0.44689584 
26.999823 0.48818561 0.44682318 
27.006866 0.48844454 0.44675043 
27.013908 0.48870304 0.44667763 
27.020964 0.48896164 0.44660464 
27.028021 0.48921981 0.44653156 
27.035076 0.4894776 0.4464584 
27.042131 0.48973501 0.4463852 
27.049208 0.48999277 0.44631171 
27.056284 0.49025014 0.44623816 
27.06336 0.4905071 0.44616452 
27.070436 0.49076366 0.44609082 
27.077532 0.49102056 0.44601685 
27.084627 0.49127704 0.44594282 
27.091722 0.49153313 0.44586873 
27.098818 0.49178883 0.44579455 
27.105927 0.49204463 0.4457202 
27.113037 0.49230003 0.44564575 
27.120146 0.49255502 0.44557124 
27.127254 0.49280965 0.44549665 
27.134396 0.49306497 0.4454217 
27.141535 0.4933199 0.44534668 
27.148676 0.49357441 0.44527161 
27.155815 0.49382854 0.44519645 
27.162983 0.4940832 0.44512096 
27.170149 0.49433747 0.44504541 
27.177315 0.49459133 0.4449698 
27.184483 0.49484479 0.44489413 
27.191679 0.49509892 0.44481808 
27.198875 0.49535269 0.44474193 
27.206074 0.49560601 0.44466576 
27.21327 0.49585897 0.44458953 
27.220482 0.49611199 0.44451308 
27.227692 0.49636462 0.44443658 
27.234903 0.49661684 0.44436002 
27.242113 0.49686864 0.4442834 
27.249372 0.49712175 0.44420618 
27.256632 0.49737445 0.44412893 
27.263891 0.49762672 0.44405162 
27.271149 0.49787861 0.44397426 
27.278427 0.49813074 0.44389662 
27.285706 0.49838248 0.44381896 
27.292984 0.4986338 0.4437412 
27.300261 0.49888474 0.44366342 
27.307581 0.49913666 0.44358513 
27.314899 0.49938822 0.44350678 
27.322218 0.49963933 0.44342837 
27.329538 0.49989006 0.4433499 
27.336885 0.50014132 0.44327107 
27.344234 0.50039226 0.44319218 
27.351583 0.50064272 0.44311327 
27.358931 0.50089282 0.44303426 
27.366312 0.50114357 0.44295487 
27.373693 0.50139397 0.44287542 
27.381075 0.50164396 0.44279593 
27.388456 0.50189346 0.44271636 
27.395876 0.50214398 0.44263634 
27.403296 0.50239402 0.44255626 
27.410717 0.50264364 0.44247615 
27.418137 0.50289285 0.44239596 
27.4256 0.50314313 0.44231525 
27.433064 0.50339299 0.44223452 
27.440527 0.50364244 0.44215372 
27.44799 0.50389147 0.44207287 
27.4555 0.50414151 0.44199148 
27.463007 0.50439119 0.44191006 
27.470516 0.50464046 0.44182855 
27.478024 0.50488931 0.44174704 
27.485579 0.50513923 0.44166496 
27.493132 0.5053888 0.44158283 
27.500685 0.50563788 0.44150066 
27.50824 0.50588655 0.44141844 
27.515835 0.50613618 0.44133574 
27.52343 0.50638533 0.44125298 
27.531027 0.50663412 0.44117016 
27.538622 0.50688249 0.44108731 
27.546257 0.5071317 0.44100395 
27.553892 0.50738049 0.44092059 
27.561527 0.50762886 0.44083714 
27.569162 0.50787681 0.4407537 
27.576851 0.50812614 0.44066957 
27.584541 0.50837499 0.4405854 
27.59223 0.50862342 0.44050121 
27.59992 0.50887144 0.44041696 
27.607658 0.50912058 0.44033214 
27.615395 0.50936931 0.4402473 
27.623133 0.50961757 0.44016239 
27.630871 0.5098654 0.44007745 
27.638666 0.51011467 0.43999183 
27.646461 0.51036352 0.43990618 
27.654257 0.51061189 0.43982047 
27.662052 0.51085985 0.43973473 
27.669888 0.51110864 0.43964851 
27.677723 0.51135701 0.43956223 
27.685558 0.51160496 0.43947592 
27.693394 0.51185244 0.43938959 
27.701294 0.51210153 0.43930247 
27.709194 0.5123502 0.43921533 
27.717096 0.51259845 0.43912816 
27.724997 0.51284623 0.43904093 
27.73295 0.51309526 0.43895307 
27.740904 0.51334387 0.43886518 
27.748857 0.513592 0.43877727 
27.756811 0.51383972 0.43868929 
27.764824 0.51408875 0.43860066 
27.772835 0.51433736 0.43851197 
27.780846 0.51458549 0.43842328 
27.788858 0.51483321 0.43833452 
27.796926 0.5150823 0.43824509 
27.804995 0.51533085 0.43815562 
27.813065 0.51557899 0.43806615 
27.821133 0.5158267 0.4379766 
27.82926 0.51607573 0.43788639 
27.837387 0.51632434 0.43779615 
27.845516 0.51657248 0.43770587 
27.853643 0.51682019 0.43761554 
27.861843 0.51706964 0.43752438 
27.870045 0.51731867 0.43743318 
27.878244 0.51756722 0.43734196 
27.886446 0.51781529 0.43725067 
27.894707 0.5180648 0.4371587 
27.902967 0.51831377 0.4370667 
27.911228 0.51856232 0.43697467 
27.919489 0.51881039 0.43688262 
27.927818 0.51906008 0.43678978 
27.936146 0.51930922 0.43669692 
27.944473 0.51955789 0.43660399 
27.952801 0.51980615 0.43651107 
27.961199 0.52005601 0.43641734 
27.969595 0.5203054 0.43632358 
27.977993 0.5205543 0.43622977 
27.986391 0.5208028 0.43613595 
27.994856 0.52105278 0.43604133 
28.003323 0.52130234 0.43594667 
28.011787 0.52155137 0.43585199 
28.020254 0.52179998 0.43575731 
28.028793 0.52205026 0.43566176 
28.037331 0.5223 0.43556619 
28.04587 0.52254933 0.43547058 
28.054409 0.52279818 0.43537495 
28.063025 0.52304876 0.43527845 
28.07164 0.52329892 0.43518189 
28.080256 0.52354854 0.43508533 
28.088871 0.52379769 0.43498874 
28.09757 0.52404881 0.43489119 
28.106268 0.52429938 0.43479362 
28.114967 0.52454948 0.43469602 
28.123665 0.52479911 0.43459842 
28.132437 0.52505034 0.43449995 
28.141207 0.5253011 0.43440148 
28.149979 0.52555132 0.43430299 
28.158751 0.52580106 0.43420446 
28.167612 0.52605295 0.43410489 
28.176476 0.5263043 0.43400529 
28.185337 0.52655524 0.43390566 
28.194201 0.52680558 0.43380603 
28.203144 0.52705777 0.43370545 
28.212088 0.52730948 0.43360487 
28.221031 0.52756065 0.43350425 
28.229975 0.52781135 0.43340361 
28.23901 0.52806407 0.43330196 
28.248045 0.52831632 0.43320027 
28.25708 0.52856803 0.43309855 
28.266113 0.52881926 0.43299681 
28.275255 0.52907294 0.43289387 
28.284397 0.52932614 0.43279091 
28.293539 0.5295788 0.43268794 
28.302681 0.52983093 0.43258491 
28.311893 0.53008455 0.43248111 
28.321106 0.53033763 0.43237728 
28.330318 0.53059024 0.43227342 
28.339531 0.5308423 0.43216956 
28.348858 0.53109694 0.43206441 
28.358183 0.53135103 0.43195924 
28.36751 0.53160465 0.43185404 
28.376837 0.53185773 0.43174887 
28.386267 0.53211308 0.43164247 
28.395697 0.53236794 0.43153608 
28.405127 0.53262222 0.43142965 
28.414557 0.53287601 0.43132323 
28.424088 0.53313196 0.43121567 
28.433619 0.53338742 0.43110809 
28.44315 0.53364229 0.4310005 
28.452681 0.53389668 0.43089288 
28.462324 0.53415346 0.43078402 
28.471968 0.53440976 0.43067512 
28.481609 0.53466547 0.43056622 
28.491253 0.53492063 0.43045732 
28.501009 0.53517824 0.43034714 
28.510763 0.53543526 0.43023697 
28.520517 0.5356918 0.43012679 
28.530272 0.53594774 0.43001658 
28.540167 0.53620678 0.42990482 
28.55006 0.53646523 0.42979303 
28.559956 0.5367232 0.42968124 
28.569849 0.53698057 0.42956945 
28.579872 0.53724074 0.42945617 
28.589897 0.53750032 0.42934293 
28.59992 0.53775936 0.42922965 
28.609945 0.53801781 0.42911637 
28.620102 0.53827918 0.42900157 
28.63026 0.53853995 0.4288868 
28.640419 0.53880012 0.428772 
28.650576 0.53905976 0.4286572 
28.660881 0.5393225 0.42854077 
28.671185 0.5395847 0.4284243 
28.68149 0.5398463 0.42830786 
28.691793 0.54010731 0.42819142 
28.702242 0.54037136 0.42807335 
28.712688 0.54063475 0.42795527 
28.723137 0.54089761 0.42783722 
28.733585 0.54115987 0.42771915 
28.744184 0.54142535 0.4275994 
28.754784 0.54169017 0.42747962 
28.765385 0.5419544 0.42735985 
28.775984 0.54221803 0.4272401 
28.786766 0.54248559 0.42711827 
28.79755 0.5427525 0.42699647 
28.808332 0.54301882 0.42687467 
28.819115 0.54328454 0.42675287 
28.830086 0.54355419 0.42662895 
28.841057 0.54382324 0.42650503 
28.852028 0.54409164 0.42638114 
28.862999 0.54435945 0.42625725 
28.874201 0.5446322 0.42613077 
28.885403 0.54490429 0.42600429 
28.896605 0.54517573 0.42587784 
28.907808 0.54544652 0.42575139 
28.919228 0.54572189 0.42562249 
28.930645 0.54599655 0.42549363 
28.942064 0.54627055 0.42536479 
28.953484 0.54654384 0.42523596 
28.96517 0.54682285 0.42510414 
28.976854 0.54710114 0.42497233 
28.988541 0.54737878 0.42484054 
29.000225 0.54765564 0.42470875 
29.012188 0.54793841 0.4245739 
29.024149 0.5482204 0.42443907 
29.03611 0.54850167 0.42430425 
29.048073 0.54878223 0.42416945 
29.060379 0.54907006 0.42403078 
29.072683 0.54935718 0.42389217 
29.08499 0.54964352 0.42375356 
29.097296 0.54992914 0.42361501 
29.110149 0.55022663 0.42347029 
29.123001 0.55052328 0.42332563 
29.135855 0.55081916 0.42318097 
29.148708 0.5511142 0.42303637 
29.16222 0.55142349 0.42288437 
29.175732 0.55173182 0.42273244 
29.189243 0.55203933 0.42258051 
29.202755 0.55234593 0.42242867 
29.217737 0.5526849 0.42226028 
29.232721 0.55302274 0.42209196 
29.247704 0.55335957 0.4219237 
29.262688 0.55369526 0.42175549 
29.277189 0.55401915 0.42159274 
29.291691 0.55434209 0.42143002 
29.306192 0.55466396 0.42126739 
29.320694 0.55498487 0.42110479 
29.334459 0.55528855 0.42095047 
29.348227 0.55559134 0.42079622 
29.361992 0.5558933 0.42064202 
29.375757 0.55619431 0.42048788 
29.389114 0.55648553 0.42033836 
29.40247 0.55677593 0.4201889 
29.415825 0.55706549 0.4200395 
29.429182 0.55735427 0.41989014 
29.442251 0.55763602 0.41974401 
29.455322 0.557917 0.41959795 
29.468391 0.5581972 0.41945195 
29.481462 0.55847663 0.41930598 
29.494366 0.55875176 0.41916192 
29.507269 0.55902606 0.41901794 
29.52017 0.55929965 0.418874 
29.533073 0.55957246 0.41873011 
29.545874 0.55984235 0.41858742 
29.558672 0.56011152 0.41844478 
29.571472 0.56037998 0.41830221 
29.58427 0.56064767 0.41815969 
29.596981 0.56091279 0.41801822 
29.609694 0.56117719 0.41787678 
29.622404 0.56144089 0.4177354 
29.635115 0.56170392 0.41759408 
29.647766 0.56196499 0.41745347 
29.660419 0.56222534 0.41731289 
29.673071 0.56248498 0.4171724 
29.685724 0.56274396 0.41703194 
29.698339 0.56300145 0.41689199 
29.710953 0.56325829 0.41675207 
29.723568 0.56351441 0.41661221 
29.736183 0.56376988 0.41647241 
29.748789 0.56402445 0.41633275 
29.761395 0.56427836 0.41619319 
29.774 0.56453156 0.41605365 
29.786606 0.56478411 0.41591421 
29.799187 0.56503546 0.41577506 
29.811769 0.56528616 0.41563597 
29.82435 0.5655362 0.41549698 
29.836933 0.56578559 0.41535801 
29.849518 0.56603432 0.4152191 
29.862101 0.56628245 0.41508022 
29.874685 0.56652987 0.41494143 
29.88727 0.56677663 0.4148027 
29.89986 0.56702286 0.41466397 
29.912453 0.56726843 0.41452527 
29.925043 0.56751335 0.41438666 
29.937634 0.56775761 0.41424811 
29.950235 0.56800139 0.41410953 
29.962835 0.56824452 0.41397101 
29.975435 0.56848699 0.41383258 
29.988035 0.5687288 0.41369417 
30.000647 0.5689702 0.41355574 
30.013258 0.56921101 0.41341737 
30.025869 0.56945109 0.41327906 
30.038481 0.56969053 0.41314083 
30.051113 0.56992972 0.41300243 
30.063744 0.57016826 0.41286412 
30.076376 0.5704062 0.41272587 
30.089008 0.57064342 0.4125877 
30.101669 0.57088065 0.41244927 
30.114332 0.57111722 0.4123109 
30.126993 0.57135314 0.41217259 
30.139656 0.5715884 0.41203436 
30.152349 0.5718236 0.41189587 
30.165041 0.5720582 0.41175747 
30.177734 0.57229215 0.41161913 
30.190428 0.57252544 0.41148084 
30.203157 0.57275879 0.41134226 
30.215887 0.57299149 0.41120374 
30.228619 0.57322359 0.41106528 
30.241348 0.57345504 0.41092691 
30.254112 0.57368648 0.41078824 
30.266878 0.57391733 0.41064966 
30.279642 0.57414746 0.41051114 
30.292406 0.57437706 0.4103727 
30.30521 0.57460666 0.41023391 
30.318014 0.57483566 0.41009521 
30.330816 0.575064 0.4099566 
30.34362 0.57529175 0.40981805 
30.356466 0.57551956 0.40967914 
30.36931 0.57574677 0.40954033 
30.382156 0.57597339 0.40940157 
30.395 0.57619935 0.4092629 
30.407906 0.57642567 0.40912369 
30.420809 0.57665139 0.40898454 
30.433712 0.57687652 0.40884548 
30.446615 0.57710099 0.40870652 
30.459551 0.57732534 0.40856731 
30.472485 0.5775491 0.40842816 
30.48542 0.57777226 0.40828913 
30.498354 0.57799476 0.40815017 
30.511333 0.57821745 0.40801081 
30.524315 0.57843947 0.40787151 
30.537294 0.57866091 0.40773231 
30.550276 0.57888168 0.40759322 
30.563316 0.57910287 0.40745354 
30.576359 0.57932347 0.40731394 
30.589399 0.57954341 0.40717447 
30.60244 0.57976276 0.40703505 
30.61554 0.5799824 0.40689513 
30.628637 0.58020145 0.4067553 
30.641735 0.58041984 0.40661556 
30.654835 0.58063763 0.4064759 
30.66799 0.58085573 0.40633571 
30.681145 0.58107322 0.40619564 
30.6943 0.58129007 0.40605566 
30.707455 0.58150631 0.40591577 
30.720663 0.58172274 0.40577543 
30.733871 0.58193862 0.40563515 
30.74708 0.5821538 0.40549499 
30.760288 0.58236837 0.40535492 
30.773558 0.58258337 0.40521428 
30.786827 0.58279771 0.40507376 
30.800097 0.58301139 0.40493333 
30.813364 0.58322448 0.40479299 
30.826693 0.58343786 0.40465215 
30.840021 0.58365059 0.40451136 
30.85335 0.58386272 0.4043707 
30.866678 0.58407426 0.40423015 
30.880062 0.58428603 0.40408909 
30.893446 0.58449715 0.40394813 
30.90683 0.58470768 0.40380728 
30.920214 0.58491755 0.40366653 
30.933668 0.58512789 0.40352514 
30.947123 0.58533764 0.40338388 
30.960575 0.58554673 0.40324268 
30.97403 0.58575517 0.40310162 
30.987556 0.58596408 0.40295988 
31.001081 0.5861724 0.40281826 
31.014608 0.58638012 0.40267673 
31.028133 0.58658713 0.40253532 
31.041721 0.5867945 0.40239337 
31.055309 0.5870012 0.40225154 
31.068895 0.58720726 0.4021098 
31.082483 0.58741271 0.40196818 
31.096138 0.58761853 0.40182596 
31.109793 0.58782375 0.40168387 
31.123446 0.58802831 0.40154186 
31.1371 0.58823222 0.40139997 
31.150831 0.58843666 0.4012574 
31.164564 0.58864045 0.40111494 
31.178295 0.58884358 0.40097257 
31.192026 0.58904612 0.40083033 
31.205832 0.58924907 0.40068743 
31.219637 0.58945143 0.40054464 
31.233442 0.58965313 0.40040195 
31.247248 0.58985418 0.40025941 
31.26111 0.59005535 0.40011638 
31.274971 0.59025592 0.39997345 
31.288832 0.59045589 0.39983067 
31.302694 0.59065515 0.39968801 
31.316639 0.590855 0.39954457 
31.330585 0.59105426 0.39940125 
31.344532 0.5912528 0.39925805 
31.358479 0.59145075 0.39911497 
31.372503 0.59164912 0.3989712 
31.386528 0.59184688 0.39882755 
31.400553 0.592044 0.39868402 
31.414577 0.59224045 0.39854062 
31.428667 0.59243709 0.39839667 
31.442757 0.59263313 0.39825284 
31.456844 0.59282851 0.39810914 
31.470934 0.59302324 0.39796558 
31.485104 0.59321851 0.39782128 
31.499275 0.59341305 0.39767712 
31.513447 0.59360695 0.39753306 
31.527618 0.59380019 0.39738914 
31.541874 0.59399396 0.39724448 
31.556131 0.59418702 0.39709997 
31.570387 0.59437948 0.39695555 
31.584642 0.59457123 0.39681128 
